/ 390 2 0 1319 8
z 460 2 1 1080 7
/ 625 2 0 1107 4
z 448 2 1 840 1
z 567 2 1 1067 7
/ 496 2 0 1196 2
/ 509 2 0 895 8
z 517 2 1 1291 9
/ 564 2 0 913 6
/ 443 2 0 881 6
/ 525 2 0 1365 8
z 495 2 1 1095 3
/ 411 2 0 989 6
/ 398 2 0 1374 6
z 386 2 1 917 1
/ 440 2 0 1220 4
/ 460 2 0 897 6
z 384 2 1 1210 1
/ 365 2 0 1110 8
z 445 2 1 1382 9
z 591 2 1 944 3
z 444 2 1 990 7
z 503 2 1 1072 7
z 508 2 1 1071 3
/ 460 2 0 1116 4
/ 470 2 0 1391 4
z 419 2 1 811 3
/ 1149 2 0 1006 8
/ 593 2 0 1303 4
z 370 2 1 1022 3
/ 503 2 0 842 6
/ 496 2 0 1053 2
/ 410 2 0 1283 4
z 453 2 1 862 9
z 532 2 1 1205 7
/ 451 2 0 1022 2
z 576 2 1 1261 9
/ 389 2 0 857 8
/ 680 2 0 1229 6
/ 526 2 0 962 6
z 475 2 1 938 9
z 580 2 1 1232 3
/ 492 2 0 1236 2
/ 562 2 0 1372 4
z 544 2 1 940 3
/ 454 2 0 1061 8
z 575 2 1 1249 1
/ 512 2 0 1379 8
z 406 2 1 1028 1
/ 416 2 0 1375 6
z 491 2 1 854 7
z 602 2 1 1207 9
z 541 2 1 1023 1
z 595 2 1 1037 7
z 488 2 1 1026 7
z 417 2 1 1204 1
z 488 2 1 1263 9
/ 411 2 0 1234 6
z 489 2 1 1067 7
/ 526 2 0 1269 4
z 467 2 1 1027 3
z 348 2 1 1346 3
z 340 2 1 990 3
/ 479 2 0 812 6
z 494 2 1 903 3
z 510 2 1 1375 7
/ 530 2 0 931 6
z 493 2 1 1401 7
/ 503 2 0 1167 6
z 431 2 1 1210 1
/ 583 2 0 989 2
/ 567 2 0 1357 6
z 435 2 1 1065 1
/ 777 2 0 1036 6
z 519 2 1 868 7
z 520 2 1 1138 7
z 492 2 1 831 3
/ 806 2 0 1092 4
/ 607 2 0 988 2
/ 704 2 0 916 2
/ 664 2 0 1331 8
/ 429 2 0 1036 8
z 457 2 1 1062 7
z 406 2 1 1140 3
/ 521 2 0 1130 6
/ 544 2 0 882 2
/ 456 2 0 1234 2
/ 502 2 0 1198 4
z 413 2 1 920 3
/ 418 2 0 1291 6
/ 445 2 0 1236 8
/ 444 2 1 1211 1
z 490 2 1 1188 1
/ 531 2 0 811 4
z 464 2 1 1292 1
/ 482 2 0 1294 4
z 479 2 1 1064 1
z 654 2 1 1292 3
/ 564 2 0 1282 8
z 479 2 1 1231 3
z 450 2 1 905 1
/ 458 2 0 865 4
z 385 2 1 1185 1
/ 439 2 0 941 8
z 409 2 1 831 7
z 433 2 0 1345 4
z 547 2 1 1133 7
/ 547 2 0 1361 2
z 486 2 1 1037 3
z 506 2 1 1107 9
z 393 2 0 893 2
/ 464 2 0 1140 4
z 490 2 1 1156 3
z 592 2 1 1361 9
z 506 2 1 1188 3
z 424 2 1 901 9
z 661 2 1 1223 9
z 507 2 1 1378 7
/ 520 2 0 1001 6
/ 462 2 0 1039 6
z 417 2 1 1023 1
z 389 2 1 1271 1
z 590 2 1 1226 7
z 491 2 1 1017 7
z 713 2 1 1223 9
z 464 2 1 1061 1
/ 488 2 0 1114 2
z 541 2 1 854 9
z 440 2 1 1222 7
/ 477 2 0 1120 2
/ 436 2 0 851 4
z 536 2 1 1013 3
/ 643 2 0 1152 8
z 409 2 1 1095 3
/ 411 2 0 1063 2
z 511 2 1 1223 7
/ 483 2 0 1171 4
z 391 2 0 895 2
z 543 2 1 1401 9
/ 573 2 0 1230 2
z 830 2 1 937 9
/ 507 2 0 1197 2
/ 439 2 0 1264 2
/ 366 2 0 909 2
/ 491 2 0 1099 6
/ 420 2 0 1142 2
z 488 2 1 829 9
/ 422 2 0 1354 4
z 432 2 0 1113 2
/ 362 2 0 1241 2
/ 532 2 0 968 4
z 469 2 1 810 3
z 485 2 1 1231 3
z 443 2 1 1315 3
/ 484 2 0 930 6
z 980 2 1 898 7
/ 464 2 0 919 6
/ 419 2 0 1029 6
z 377 2 1 1166 3
z 489 2 1 960 3
z 415 2 1 1243 1
/ 456 2 1 952 9
/ 379 2 0 806 8
z 482 2 1 813 1
/ 476 2 0 1054 2
z 476 2 1 1178 1
/ 577 2 0 1083 8
z 466 2 1 1213 3
/ 574 2 0 1138 4
z 579 2 1 1391 7
/ 576 2 0 1192 6
z 444 2 1 964 1
/ 511 2 0 988 6
/ 599 2 0 989 4
/ 479 2 0 1355 6
z 561 2 1 1213 9
z 623 2 1 916 3
/ 541 2 0 998 8
z 477 2 1 987 1
/ 513 2 0 810 4
/ 503 2 0 1270 8
/ 429 2 0 929 2
z 508 2 1 917 9
z 471 2 1 1253 3
/ 453 2 0 987 6
z 519 2 1 1323 3
/ 426 2 0 837 8
z 488 2 1 851 7
/ 444 2 0 1039 8
z 522 2 1 808 9
z 455 2 1 1343 9
z 418 2 1 1274 1
z 388 2 1 904 9
z 490 2 1 1218 1
z 406 2 1 1227 1
z 503 2 1 942 3
/ 471 2 0 1000 4
z 424 2 1 989 1
/ 399 2 0 1265 4
/ 540 2 0 1253 2
/ 484 2 0 1262 8
z 362 2 1 1337 3
/ 462 2 0 1263 4
/ 423 2 0 1351 8
z 366 2 0 1261 4
/ 407 2 0 1123 2
z 383 2 1 1006 7
z 675 2 1 1020 3
/ 424 2 0 1120 2
/ 492 2 0 939 2
/ 418 2 0 1185 2
/ 383 2 0 1184 2
z 495 2 1 1130 3
/ 439 2 0 1383 8
z 483 2 1 1185 3
z 414 2 1 952 1
z 398 2 1 1377 1
z 403 2 1 1278 1
z 533 2 1 822 3
z 808 2 1 1205 9
/ 450 2 0 1289 6
z 385 2 0 1143 2
z 431 2 1 1115 1
z 559 2 1 921 9
z 417 2 1 1211 1
/ 464 2 0 1149 4
/ 456 2 0 868 6
/ 476 2 0 1075 8
/ 481 2 0 868 2
/ 650 2 0 1150 6
z 431 2 1 1068 1
z 426 2 1 1151 1
z 579 2 1 809 9
/ 778 2 0 1274 6
z 387 2 1 1052 1
/ 523 2 0 882 6
/ 530 2 0 1206 6
/ 468 2 0 1088 4
z 443 2 1 880 9
/ 502 2 0 1246 8
/ 440 2 0 814 6
z 474 2 1 1041 3
/ 553 2 0 1140 2
/ 434 2 0 1089 6
/ 385 2 0 1123 6
z 464 2 1 915 1
/ 480 2 0 1371 6
/ 446 2 0 1384 6
z 495 2 1 810 7
z 503 2 1 983 9
/ 542 2 0 970 4
z 461 2 1 1194 3
/ 605 2 0 1369 4
z 392 2 1 1237 1
/ 450 2 0 1169 6
/ 517 2 0 1205 8
/ 419 2 0 956 6
/ 432 2 0 1247 8
z 488 2 1 965 7
/ 448 2 0 1000 2
z 555 2 1 914 7
/ 431 2 0 970 4
/ 467 2 0 1302 4
/ 416 2 0 802 4
/ 430 2 0 1336 2
z 487 2 1 883 3
/ 505 2 0 1339 4
/ 560 2 0 874 2
/ 707 2 0 1051 4
z 461 2 1 1015 7
z 410 2 0 1193 4
/ 419 2 0 1135 4
z 452 2 1 1284 9
/ 496 2 0 1126 8
z 485 2 1 844 7
z 475 2 1 1346 7
/ 578 2 0 1089 4
/ 722 2 0 1161 6
z 475 2 1 973 9
z 520 2 1 1129 1
z 426 2 1 1375 1
/ 480 2 0 967 2
/ 639 2 0 1314 8
z 403 2 1 1248 1
/ 464 2 0 899 6
/ 533 2 0 1072 4
/ 490 2 0 1274 4
/ 437 2 0 1354 4
z 475 2 1 937 1
/ 495 2 0 932 4
/ 581 2 0 1166 2
z 433 2 1 1182 7
/ 406 2 0 1236 6
z 481 2 1 845 9
z 480 2 1 1095 7
z 411 2 0 903 4
/ 423 2 0 959 8
/ 429 2 0 1293 4
z 468 2 1 1327 9
/ 447 2 0 1016 6
z 427 2 0 938 2
/ 437 2 0 1165 4
/ 571 2 0 1025 8
z 443 2 1 1163 1
z 511 2 1 870 7
/ 432 2 0 1383 8
z 496 2 1 1372 7
/ 496 2 0 1066 2
z 595 2 1 1335 3
/ 514 2 0 1029 2
z 476 2 1 903 9
/ 510 2 0 898 8
z 396 2 1 916 3
/ 366 2 1 1143 3
/ 394 2 0 1200 2
z 511 2 1 985 9
z 1224 2 1 850 9
z 425 2 1 874 9
/ 545 2 0 1046 2
z 447 2 1 1146 1
/ 522 2 0 891 2
/ 453 2 0 967 2
/ 639 2 0 938 6
z 524 2 1 857 1
z 506 2 1 1200 7
/ 493 2 1 1197 9
/ 589 2 0 883 2
/ 486 2 0 1081 2
/ 456 2 0 1158 2
z 571 2 1 1241 3
z 888 2 1 1088 3
z 443 2 1 1329 1
z 494 2 1 920 1
z 350 2 1 925 1
z 506 2 1 1159 7
/ 596 2 0 1041 4
/ 776 2 0 1094 8
z 505 2 1 1276 7
z 590 2 1 1059 3
z 435 2 1 1050 1
z 605 2 1 945 3
z 548 2 1 831 9
/ 681 2 0 875 8
z 437 2 1 929 1
/ 528 2 0 819 6
/ 749 2 0 1209 6
z 551 2 1 1376 9
/ 516 2 0 828 8
z 671 2 1 1257 9
z 455 2 1 1375 7
/ 561 2 0 1258 4
z 458 2 1 1284 3
z 433 2 1 1262 1
z 437 2 1 1006 1
/ 470 2 0 814 2
/ 455 2 0 1029 2
/ 458 2 0 1229 4
z 450 2 1 1198 1
/ 626 2 0 907 2
/ 506 2 0 1335 8
/ 451 2 0 898 6
z 433 2 1 928 9
z 590 2 1 893 3
/ 371 2 0 869 2
z 487 2 1 954 3
z 446 2 1 1053 3
/ 546 2 0 1195 8
/ 422 2 1 1141 7
/ 508 2 0 1374 8
/ 623 2 0 1359 6
z 370 2 1 1308 3
z 397 2 1 1323 7
z 376 2 1 1123 7
z 414 2 1 1149 1
z 388 2 1 962 1
z 420 2 1 1241 7
z 470 2 1 927 9
/ 542 2 0 1201 6
z 578 2 1 911 9
z 439 2 1 964 7
z 349 2 1 1109 7
z 322 2 1 906 7
z 475 2 1 1361 9
z 443 2 1 1142 1
/ 557 2 0 954 2
z 508 2 1 1285 7
/ 831 2 0 1195 8
/ 566 2 0 840 8
z 485 2 1 1039 3
/ 548 2 0 929 2
/ 453 2 0 910 2
/ 770 2 0 1273 4
z 419 2 1 1048 1
/ 514 2 0 1324 6
z 505 2 1 1113 9
/ 518 2 0 1157 8
/ 566 2 0 1093 8
/ 637 2 0 1126 4
z 492 2 1 1110 1
/ 571 2 0 939 6
/ 567 2 0 1087 4
/ 487 2 0 1396 6
/ 608 2 0 805 6
/ 483 2 0 1202 2
z 390 2 0 1154 4
z 364 2 1 807 3
z 543 2 1 1158 7
z 465 2 1 1366 7
z 401 2 0 1199 2
z 456 2 1 1031 1
z 569 2 1 1092 7
z 489 2 1 986 7
z 588 2 1 1175 9
z 505 2 1 901 7
z 673 2 1 811 9
z 446 2 1 1199 7
z 475 2 1 1217 3
z 444 2 1 1271 9
/ 571 2 0 1258 8
/ 609 2 0 1192 2
/ 507 2 0 1138 4
z 536 2 1 1021 9
/ 473 2 0 1014 8
/ 473 2 0 912 8
/ 806 2 0 1276 2
z 441 2 1 827 1
z 417 2 1 1103 1
/ 447 2 0 918 4
/ 458 2 0 1184 6
z 1181 2 1 1137 9
/ 531 2 0 805 4
/ 515 2 0 805 6
z 445 2 1 1009 3
/ 485 2 0 863 2
/ 450 2 0 834 6
/ 429 2 0 1247 6
z 463 2 1 1116 1
z 545 2 1 1068 9
z 475 2 1 1242 3
/ 445 2 0 1338 2
z 448 2 1 1301 7
z 529 2 1 1370 9
z 379 2 1 1257 1
/ 467 2 0 801 8
/ 412 2 0 880 8
z 476 2 1 1037 9
/ 457 2 0 1037 6
z 431 2 1 1299 7
/ 512 2 0 880 6
/ 402 2 0 883 6
z 467 2 1 1024 9
/ 451 2 0 1065 6
z 397 2 1 926 1
z 356 2 0 871 2
z 491 2 1 1176 3
/ 411 2 0 923 4
z 483 2 1 830 3
z 532 2 1 1076 3
/ 423 2 0 958 2
/ 517 2 0 985 8
z 502 2 1 1304 1
/ 370 2 0 1191 8
z 595 2 1 873 3
z 826 2 1 1183 9
z 528 2 1 1072 9
/ 484 2 0 1005 2
/ 594 2 0 1277 6
/ 615 2 0 1230 8
/ 432 2 0 1331 8
/ 468 2 0 1008 8
/ 517 2 0 1032 2
/ 393 2 0 1016 8
/ 384 2 0 809 8
/ 510 2 0 1116 4
/ 502 2 0 952 8
z 422 2 1 1277 3
/ 447 2 0 894 6
/ 475 2 0 1389 2
z 502 2 1 1351 7
z 553 2 1 1121 1
/ 547 2 0 1310 8
z 382 2 1 1300 1
z 405 2 1 1056 7
z 369 2 1 1325 7
z 312 2 1 958 7
/ 510 2 0 1243 4
z 393 2 1 972 1
/ 497 2 0 1298 2
/ 450 2 0 815 8
z 410 2 1 1309 1
z 476 2 1 1360 3
/ 464 2 0 1291 8
/ 576 2 0 1370 2
/ 518 2 0 1368 6
z 356 2 1 940 3
/ 548 2 0 1068 4
/ 482 2 0 1349 2
/ 593 2 0 1306 8
/ 418 2 0 891 2
/ 490 2 0 1293 8
z 791 2 1 1088 7
z 492 2 1 1323 3
z 730 2 1 1322 9
z 370 2 1 810 1
z 490 2 1 917 3
/ 496 2 0 951 2
/ 462 2 0 1367 6
z 537 2 1 1162 9
z 456 2 1 1209 7
/ 397 2 0 1204 8
z 445 2 1 871 9
z 418 2 1 1058 1
z 367 2 1 1378 7
/ 470 2 0 1016 2
/ 484 2 0 1283 4
/ 478 2 0 1369 6
z 497 2 1 998 7
z 533 2 1 1075 3
z 506 2 1 1338 9
/ 573 2 0 876 6
/ 536 2 0 1352 2
z 464 2 1 1222 7
z 620 2 1 1197 9
/ 509 2 0 966 8
z 359 2 1 1105 7
z 401 2 1 1210 1
/ 458 2 0 1204 4
z 476 2 1 1133 3
/ 461 2 0 809 2
z 510 2 1 837 7
z 469 2 1 1130 7
/ 562 2 0 1264 2
/ 534 2 0 1171 4
z 446 2 1 984 1
/ 672 2 0 1315 6
z 521 2 1 1171 7
/ 553 2 0 946 6
z 410 2 1 1220 1
z 965 2 1 1392 9
/ 438 2 0 1256 4
z 455 2 1 840 9
z 871 2 1 1065 3
z 415 2 1 889 7
z 405 2 1 929 1
/ 353 2 0 864 4
/ 449 2 0 1335 2
/ 482 2 0 1212 4
/ 531 2 0 1275 2
/ 405 2 0 1126 4
/ 355 2 1 1046 7
z 354 2 1 1180 3
/ 426 2 0 897 2
z 546 2 1 846 9
/ 430 2 0 1202 8
/ 459 2 0 879 4
z 452 2 1 1077 3
/ 461 2 1 1294 9
/ 442 2 0 985 6
/ 540 2 0 1108 6
/ 423 2 0 1401 6
z 484 2 1 953 7
z 485 2 1 960 9
z 932 2 1 1114 9
z 654 2 1 1341 1
z 426 2 1 1304 7
z 345 2 1 1174 7
z 345 2 1 1203 7
/ 484 2 0 840 4
z 479 2 1 1162 7
/ 543 2 0 1323 8
/ 575 2 0 1326 4
z 416 2 1 1237 1
z 1066 2 1 1353 3
/ 483 2 0 1106 8
z 548 2 1 1159 7
/ 528 2 0 838 8
z 1726 2 1 1334 9
z 900 2 1 1316 7
z 407 2 1 1072 1
z 440 2 1 1042 7
z 471 2 1 810 9
/ 597 2 0 972 2
/ 533 2 1 1071 9
z 465 2 1 1048 7
z 395 2 1 1013 7
/ 562 2 0 1070 4
/ 480 2 0 1341 6
z 513 2 1 979 3
z 489 2 1 833 7
z 561 2 1 1200 3
/ 493 2 0 1217 6
/ 482 2 0 852 8
/ 467 2 0 1051 8
z 498 2 1 1108 3
/ 486 2 0 899 6
z 513 2 1 949 7
/ 457 2 0 1341 8
z 550 2 1 1150 9
z 436 2 1 1153 7
z 421 2 1 1159 7
z 416 2 1 1166 7
z 458 2 1 1014 9
z 410 2 1 1068 1
z 450 2 1 1048 3
/ 545 2 0 917 4
/ 483 2 0 1308 6
z 471 2 1 1144 7
/ 667 2 0 1013 6
/ 436 2 0 1023 8
/ 433 2 0 992 4
z 402 2 1 1223 1
/ 396 2 0 1358 6
/ 385 2 0 1002 8
/ 373 2 0 1273 8
z 481 2 1 1191 3
z 458 2 1 1325 3
z 424 2 1 1391 3
/ 526 2 0 1091 2
/ 489 2 0 1178 4
z 458 2 1 1020 7
/ 368 2 0 1026 8
z 424 2 1 976 7
z 468 2 1 959 9
/ 523 2 0 1146 6
/ 429 2 0 809 4
/ 473 2 0 981 6
z 512 2 1 810 9
/ 429 2 0 1228 6
z 514 2 1 929 9
z 489 2 1 1362 3
z 492 2 1 1002 3
/ 498 2 0 1319 2
/ 455 2 0 986 4
z 439 2 1 843 9
/ 452 2 0 1074 8
z 512 2 1 1143 9
/ 357 2 0 1103 4
z 465 2 1 993 9
/ 364 2 0 1382 2
/ 528 2 0 1388 8
/ 485 2 0 1301 8
/ 373 2 0 801 8
z 549 2 1 985 7
/ 571 2 0 1367 4
/ 568 2 0 857 8
/ 512 2 0 1285 6
/ 395 2 0 913 8
/ 375 2 0 1310 8
/ 357 2 0 1201 4
/ 398 2 0 1046 2
z 521 2 1 1055 1
z 482 2 1 1085 9
z 396 2 1 1001 1
/ 487 2 0 1184 8
z 539 2 1 975 9
z 531 2 1 1071 3
z 379 2 1 1119 1
z 411 2 1 1293 9
/ 1240 2 0 944 8
/ 387 2 0 1117 4
z 400 2 1 1384 1
z 464 2 1 1208 9
/ 548 2 0 1238 8
z 498 2 1 1251 7
/ 461 2 0 1291 8
z 500 2 1 1168 7
z 437 2 1 808 1
z 517 2 1 1100 7
/ 580 2 0 1282 4
z 460 2 1 848 3
z 422 2 1 1357 9
z 453 2 1 1340 7
z 365 2 1 1254 9
z 401 2 1 1365 9
/ 546 2 0 883 2
/ 511 2 0 1202 4
/ 572 2 0 1198 8
/ 558 2 0 1103 2
/ 496 2 0 1388 2
/ 472 2 0 904 4
z 651 2 1 1060 7
/ 471 2 0 809 4
/ 865 2 0 1075 4
z 412 2 1 1126 1
z 337 2 1 809 1
/ 398 2 0 935 6
z 545 2 1 922 7
z 416 2 0 815 2
z 510 2 1 1054 3
/ 502 2 0 995 4
/ 368 2 0 1329 6
z 382 2 1 837 1
/ 445 2 0 952 6
z 554 2 1 1136 9
/ 1789 2 1 901 3
z 523 2 1 1083 1
z 485 2 1 983 1
z 610 2 1 1222 9
/ 751 2 0 1184 2
/ 608 2 0 902 4
/ 597 2 0 822 2
/ 559 2 0 901 6
/ 474 2 0 1072 8
z 396 2 0 1346 2
z 415 2 1 1165 1
z 602 2 1 1201 9
/ 479 2 1 1245 7
/ 503 2 0 1382 6
z 1704 2 1 1066 3
/ 453 2 0 843 2
z 414 2 1 984 1
/ 417 2 0 803 6
/ 380 2 0 847 6
z 509 2 1 947 9
/ 795 2 0 1321 4
z 520 2 1 1173 3
/ 570 2 0 867 6
z 446 2 1 830 9
/ 527 2 0 1110 4
/ 533 2 0 833 6
z 455 2 1 1254 7
/ 545 2 0 859 6
/ 448 2 0 1229 8
/ 438 2 0 1115 8
/ 378 2 0 1232 8
z 448 2 1 1298 9
/ 463 2 0 1376 8
/ 603 2 0 989 8
z 616 2 1 1164 9
/ 411 2 0 842 8
z 527 2 1 1371 9
z 384 2 0 1241 4
z 495 2 1 851 3
z 499 2 1 1197 1
/ 365 2 0 1186 8
/ 388 2 0 1251 6
z 585 2 1 1263 7
z 448 2 1 1138 9
/ 468 2 0 1007 4
/ 593 2 0 1366 2
z 426 2 1 1304 1
z 464 2 1 1337 1
z 505 2 1 934 9
/ 597 2 0 1195 2
z 466 2 1 1006 1
/ 451 2 0 1344 4
/ 399 2 0 991 8
z 396 2 1 923 1
z 465 2 1 1185 7
z 371 2 1 836 7
/ 477 2 0 1318 2
/ 555 2 0 1393 2
z 467 2 1 1393 9
/ 468 2 0 1347 4
/ 451 2 0 1396 4
z 476 2 1 1077 9
/ 528 2 0 805 4
z 551 2 1 1291 9
/ 613 2 0 1084 4
/ 366 2 0 916 2
/ 559 2 0 1222 6
z 395 2 1 1378 7
z 470 2 1 1160 9
/ 496 2 0 1329 4
z 357 2 0 881 8
z 618 2 1 1220 3
z 503 2 1 1026 9
/ 567 2 0 1084 8
z 459 2 1 949 7
z 482 2 1 1079 7
/ 470 2 0 1281 8
/ 381 2 0 856 8
/ 607 2 0 817 2
/ 477 2 0 940 4
/ 460 2 0 974 6
/ 426 2 0 928 6
z 472 2 1 1361 1
/ 556 2 0 1029 4
z 470 2 1 1049 3
z 556 2 1 1342 3
z 507 2 1 1056 3
/ 544 2 0 895 2
z 493 2 1 1047 7
/ 428 2 0 1002 2
z 460 2 1 1217 3
/ 370 2 0 1191 8
z 352 2 0 1322 2
z 414 2 1 1076 9
/ 406 2 0 954 4
/ 384 2 0 886 4
z 477 2 1 1167 7
/ 451 2 0 920 6
z 492 2 1 1168 3
z 494 2 1 818 7
/ 421 2 0 1071 8
z 429 2 1 831 1
/ 501 2 0 895 8
z 467 2 1 807 3
z 506 2 1 974 9
/ 463 2 0 1098 8
z 364 2 0 1210 2
z 483 2 1 1081 7
z 487 2 1 974 9
/ 495 2 0 1084 2
z 832 2 1 1085 7
/ 521 2 0 1205 2
/ 432 2 0 1040 2
/ 466 2 0 1177 2
z 484 2 1 965 3
z 702 2 1 1005 3
/ 476 2 0 1233 6
/ 428 2 0 980 4
/ 632 2 0 836 8
/ 439 2 1 894 3
z 767 2 1 1067 9
/ 720 2 0 882 6
z 568 2 1 1126 7
z 697 2 1 1290 7
/ 446 2 0 1091 8
/ 987 2 0 958 8
z 485 2 1 885 7
/ 509 2 0 940 4
z 1213 2 1 1111 9
z 438 2 1 1100 1
/ 531 2 0 1009 8
z 590 2 1 1221 3
z 1586 2 1 1114 9
/ 455 2 0 1323 2
z 544 2 1 869 7
/ 532 2 0 1139 4
/ 535 2 0 1175 6
/ 368 2 0 918 8
z 439 2 1 1081 1
z 512 2 1 987 9
z 475 2 1 1232 9
z 366 2 1 1395 1
z 528 2 1 1320 3
z 429 2 1 1381 3
/ 480 2 0 1154 4
z 495 2 1 858 9
/ 468 2 0 1336 4
z 487 2 1 1026 9
z 623 2 1 1103 7
z 403 2 1 1326 1
z 783 2 1 1002 7
z 447 2 1 1054 7
/ 508 2 0 910 6
/ 391 2 0 962 6
/ 420 2 0 1366 2
/ 470 2 0 917 4
/ 439 2 0 1172 4
/ 365 2 0 1262 4
z 511 2 1 1221 3
/ 603 2 0 996 8
/ 547 2 0 1039 6
/ 523 2 0 1322 8
z 464 2 1 1295 9
z 410 2 1 1173 7
z 388 2 1 824 3
z 682 2 1 846 9
z 461 2 1 980 1
z 488 2 1 1177 3
/ 447 2 0 933 6
/ 430 2 0 1364 8
z 440 2 1 1278 1
z 370 2 0 820 2
z 455 2 1 810 1
z 552 2 1 1295 7
/ 398 2 0 1102 2
/ 460 2 0 1267 6
z 499 2 1 1177 7
/ 484 2 0 1001 4
z 486 2 1 975 1
/ 513 2 0 899 6
z 575 2 1 942 9
/ 489 2 0 827 6
z 448 2 1 881 1
z 420 2 1 1142 1
z 513 2 1 1307 3
z 385 2 1 1317 1
/ 444 2 0 1192 6
z 487 2 1 1291 3
/ 439 2 0 974 8
/ 613 2 0 1170 6
/ 348 2 0 999 6
z 451 2 1 1024 3
/ 457 2 0 888 6
z 481 2 1 1158 3
z 409 2 1 1187 1
z 437 2 1 856 7
z 507 2 1 1229 9
z 358 2 1 1029 1
/ 515 2 0 1207 4
z 529 2 1 1368 7
z 431 2 0 833 2
z 411 2 1 1360 1
z 401 2 1 1029 1
z 346 2 1 817 1
z 365 2 1 1157 1
/ 387 2 0 1183 8
z 496 2 1 970 7
z 536 2 1 1194 3
z 492 2 1 1312 9
/ 511 2 0 1129 8
/ 371 2 0 1313 2
/ 374 2 0 899 8
z 432 2 1 1344 3
z 454 2 1 973 7
z 477 2 1 839 9
z 337 2 1 1235 7
/ 427 2 0 1331 2
z 455 2 1 1179 1
/ 333 2 0 1094 2
/ 399 2 0 1328 6
z 407 2 1 1394 1
z 541 2 1 1304 3
z 512 2 1 1174 9
z 500 2 1 1125 9
z 406 2 1 915 3
/ 560 2 0 1328 6
z 469 2 1 1100 9
/ 537 2 0 857 6
/ 605 2 0 1137 4
z 810 2 1 1159 9
/ 553 2 0 802 2
/ 909 2 0 934 8
z 752 2 1 1268 9
z 549 2 1 880 9
/ 894 2 0 1186 4
z 625 2 1 1174 1
z 457 2 1 1240 3
/ 453 2 0 1381 4
z 417 2 1 883 1
/ 505 2 0 902 2
z 1045 2 1 1153 3
z 720 2 1 1238 3
/ 473 2 0 1277 4
/ 360 2 0 976 6
/ 374 2 0 1103 4
/ 390 2 0 1104 4
/ 427 2 0 1048 4
/ 327 2 0 1277 4
/ 322 2 0 1078 4
/ 441 2 0 1029 8
z 439 2 1 1398 3
/ 469 2 0 1179 8
/ 470 2 0 1158 6
/ 379 2 0 1220 8
/ 448 2 0 1224 6
/ 400 2 0 1366 6
z 413 2 1 1294 1
/ 399 2 0 926 8
/ 474 2 0 1375 2
z 416 2 1 836 3
/ 440 2 1 1074 9
/ 537 2 0 1304 6
z 562 2 1 1387 9
z 355 2 1 1022 3
/ 478 2 0 1237 8
z 592 2 1 905 3
/ 496 2 0 1301 2
/ 479 2 0 1346 4
z 427 2 1 1206 3
z 337 2 1 1305 1
/ 438 2 1 1312 9
z 436 2 1 804 3
/ 490 2 0 946 2
/ 491 2 0 1376 6
/ 391 2 0 1047 8
/ 434 2 0 1311 2
z 500 2 1 1361 9
z 419 2 1 1099 1
/ 537 2 0 937 8
/ 426 2 0 1288 2
/ 380 2 0 916 2
z 496 2 1 1283 7
/ 466 2 0 1192 4
/ 432 2 0 1007 6
z 548 2 1 1288 7
/ 317 2 0 1109 2
z 378 2 1 1389 1
/ 354 2 0 964 2
/ 455 2 0 1091 4
z 545 2 1 1074 3
z 619 2 1 993 1
z 526 2 1 1141 9
z 533 2 1 874 3
z 495 2 1 1253 9
/ 509 2 0 1321 2
/ 521 2 0 1364 4
z 453 2 1 1134 3
/ 528 2 0 936 4
z 482 2 1 1310 9
/ 569 2 0 953 8
/ 416 2 0 1348 6
z 450 2 1 1078 1
z 465 2 1 844 7
/ 551 2 0 1074 4
/ 413 2 0 953 8
z 583 2 1 1036 3
/ 452 2 0 817 6
/ 428 2 0 1390 6
/ 346 2 0 872 4
z 508 2 1 913 3
z 531 2 1 892 1
/ 583 2 0 987 6
z 375 2 1 1326 1
/ 479 2 0 850 2
/ 420 2 0 1259 2
z 377 2 1 1234 7
z 639 2 1 1180 3
/ 414 2 0 1171 6
z 372 2 1 1313 1
/ 380 2 0 809 4
/ 417 2 0 824 8
/ 477 2 0 879 4
z 372 2 1 1267 3
/ 302 2 0 1397 2
/ 439 2 0 1333 8
z 440 2 1 897 3
/ 428 2 0 820 6
/ 437 2 0 1025 2
z 437 2 1 958 7
/ 342 2 0 1383 8
