/ 563 2 0 719 8
z 455 2 1 526 7
z 507 2 1 568 3
/ 593 2 0 735 2
/ 703 2 1 761 9
/ 793 2 0 380 4
z 690 2 1 574 9
/ 732 2 0 516 4
z 512 2 1 573 3
/ 576 2 0 451 4
/ 619 2 0 629 6
/ 618 2 0 492 4
z 484 2 1 353 7
z 637 2 1 316 3
/ 739 2 0 630 2
/ 787 2 1 359 9
/ 868 2 0 282 6
z 515 2 1 207 3
z 713 2 1 227 1
z 380 2 1 717 1
/ 572 2 0 475 8
/ 1002 2 0 715 6
z 709 2 1 375 1
z 597 2 1 770 9
/ 632 2 0 338 6
z 880 2 1 568 7
/ 645 2 0 767 4
/ 954 2 0 364 2
z 622 2 1 575 9
z 595 2 1 503 1
z 542 2 1 511 9
/ 817 2 0 714 8
/ 462 2 0 506 8
/ 367 2 0 658 8
/ 446 2 0 764 8
z 495 2 1 776 9
z 436 2 1 585 7
z 283 2 0 491 2
z 657 2 1 784 1
z 501 2 0 374 8
/ 677 2 1 454 3
/ 716 2 0 526 4
/ 610 2 0 685 6
z 459 2 1 257 1
/ 610 2 0 288 6
z 501 2 1 640 3
z 625 2 1 303 9
/ 544 2 0 788 8
z 547 2 0 264 4
z 1084 2 1 725 7
/ 634 2 0 215 2
z 658 2 1 349 7
z 675 2 1 387 1
z 492 2 1 623 7
/ 579 2 0 299 6
/ 652 2 0 745 4
/ 587 2 0 779 8
/ 474 2 0 731 8
/ 530 2 0 602 4
/ 585 2 0 653 2
/ 473 2 0 674 4
z 600 2 1 289 7
/ 839 2 0 240 4
/ 455 2 0 757 6
z 630 2 1 653 3
/ 570 2 1 605 9
/ 750 2 0 704 6
z 619 2 1 691 9
z 574 2 1 236 7
/ 715 2 0 636 6
z 604 2 1 529 1
/ 746 2 0 319 6
z 638 2 1 723 7
/ 488 2 0 463 2
z 631 2 1 742 3
/ 544 2 0 242 6
z 716 2 1 587 1
z 416 2 1 431 1
z 260 2 0 227 6
/ 960 2 0 346 6
/ 603 2 0 746 2
z 587 2 1 316 3
z 677 2 1 224 3
/ 706 2 0 336 4
z 717 2 1 746 3
z 957 2 1 775 7
z 575 2 1 450 1
z 493 2 1 462 7
/ 647 2 0 272 4
/ 1052 2 0 472 8
z 610 2 1 210 1
z 762 2 1 735 3
/ 614 2 0 539 4
z 804 2 1 514 9
/ 585 2 0 484 2
/ 570 2 0 502 2
/ 517 2 0 736 4
z 536 2 1 402 7
z 707 2 1 611 1
/ 612 2 0 514 2
/ 778 2 0 489 6
z 542 2 1 426 7
/ 620 2 0 488 4
/ 690 2 0 677 6
/ 544 2 0 662 8
z 558 2 1 676 7
/ 765 2 0 612 4
/ 616 2 0 538 4
/ 566 2 0 620 4
z 620 2 1 678 1
z 733 2 1 622 7
/ 569 2 1 474 9
z 625 2 1 775 1
/ 565 2 0 595 2
z 781 2 1 536 9
z 436 2 1 208 9
/ 575 2 0 728 6
z 566 2 1 708 3
/ 610 2 0 791 4
z 543 2 1 231 1
/ 658 2 0 503 2
z 674 2 1 251 3
z 711 2 1 472 9
/ 566 2 0 370 4
/ 620 2 0 205 6
z 545 2 0 538 4
z 651 2 1 270 7
/ 620 2 0 326 8
/ 664 2 0 665 4
/ 411 2 0 402 8
z 610 2 1 229 9
z 545 2 1 327 9
/ 604 2 0 354 2
/ 511 2 0 340 4
/ 453 2 0 280 8
z 554 2 1 240 1
/ 680 2 0 283 2
z 550 2 1 209 9
/ 607 2 0 592 6
z 587 2 1 321 9
/ 483 2 0 426 8
z 491 2 1 337 1
z 541 2 1 667 3
z 661 2 1 505 7
/ 541 2 0 247 6
z 659 2 1 668 9
/ 483 2 0 429 8
z 605 2 1 292 1
z 532 2 0 295 2
/ 602 2 0 691 6
/ 603 2 0 339 2
z 651 2 1 298 7
/ 643 2 0 212 6
z 634 2 1 317 1
z 622 2 1 637 1
/ 554 2 0 439 8
/ 615 2 0 310 6
/ 481 2 0 682 4
/ 454 2 0 523 6
/ 435 2 1 281 1
z 640 2 1 209 1
/ 617 2 0 677 4
/ 377 2 0 683 4
/ 569 2 0 701 2
/ 446 2 0 401 6
z 672 2 1 617 3
/ 920 2 0 387 6
/ 487 2 0 408 8
/ 519 2 0 295 8
z 653 2 1 695 7
z 643 2 1 741 1
z 399 2 1 352 1
/ 735 2 0 741 6
z 658 2 1 375 9
z 606 2 1 464 1
/ 560 2 0 334 8
z 1012 2 1 251 7
/ 543 2 0 602 8
z 638 2 1 683 7
z 395 2 1 599 7
/ 719 2 0 676 2
/ 556 2 0 265 4
z 718 2 1 256 7
/ 581 2 1 230 3
/ 668 2 0 596 2
z 552 2 1 562 7
/ 531 2 0 461 8
z 488 2 0 571 4
z 1004 2 1 541 7
/ 682 2 0 367 2
z 799 2 1 239 9
z 608 2 1 698 9
z 704 2 1 477 3
/ 621 2 0 395 4
z 1064 2 1 476 3
/ 684 2 0 222 2
/ 749 2 0 606 6
z 791 2 1 383 9
/ 778 2 0 683 4
/ 631 2 0 407 6
/ 501 2 0 768 6
/ 578 2 0 302 4
z 677 2 1 508 3
/ 945 2 0 724 6
/ 589 2 0 335 6
z 593 2 1 380 1
/ 549 2 0 416 8
/ 1304 2 0 283 6
z 781 2 1 515 1
z 635 2 1 710 9
z 608 2 1 623 9
/ 591 2 0 543 2
z 677 2 1 760 1
/ 766 2 0 439 6
z 717 2 1 553 7
z 598 2 1 372 1
z 611 2 1 442 7
/ 708 2 0 402 2
z 932 2 1 657 9
/ 608 2 0 607 4
z 570 2 1 801 9
z 578 2 1 707 3
z 516 2 1 621 3
z 643 2 1 406 1
z 777 2 1 449 3
/ 763 2 0 719 2
/ 658 2 0 224 8
/ 620 2 0 316 2
/ 517 2 0 578 4
/ 536 2 0 257 8
/ 367 2 0 313 8
/ 281 2 0 307 2
/ 235 2 1 704 1
/ 637 2 0 601 4
/ 566 2 0 491 4
/ 457 2 1 499 1
/ 672 2 0 566 2
/ 724 2 0 425 2
/ 502 2 0 721 4
/ 511 2 0 499 6
z 720 2 1 514 9
z 688 2 1 420 3
/ 564 2 0 546 6
z 516 2 1 533 3
/ 700 2 0 723 2
z 811 2 1 243 9
z 531 2 1 352 9
z 307 2 0 510 8
z 846 2 1 620 1
/ 635 2 0 310 2
/ 513 2 0 508 6
z 638 2 1 791 7
z 985 2 1 274 9
/ 604 2 0 429 6
z 591 2 1 293 3
z 606 2 1 798 3
z 478 2 1 558 3
/ 624 2 0 758 6
z 723 2 1 543 9
/ 663 2 0 558 6
z 651 2 1 401 1
/ 603 2 0 281 8
/ 1095 2 0 374 6
z 573 2 1 598 1
/ 481 2 0 295 8
z 528 2 1 761 1
z 496 2 1 627 1
/ 471 2 0 529 8
z 534 2 0 297 2
/ 771 2 0 694 4
z 985 2 1 537 9
z 706 2 1 692 1
/ 531 2 0 630 8
/ 682 2 0 691 8
z 654 2 1 237 1
/ 891 2 1 623 9
/ 601 2 0 366 8
z 529 2 1 604 1
/ 724 2 0 474 4
z 682 2 1 580 3
z 528 2 1 600 3
z 727 2 1 648 1
/ 701 2 0 681 8
z 632 2 1 437 9
z 504 2 1 513 9
/ 513 2 0 728 6
z 625 2 0 664 2
/ 570 2 0 771 6
/ 456 2 0 298 8
z 630 2 1 393 9
z 986 2 1 507 9
z 664 2 1 448 7
z 411 2 1 301 7
/ 650 2 0 693 4
/ 495 2 0 317 4
/ 549 2 0 749 2
z 492 2 1 778 7
/ 624 2 0 754 4
/ 540 2 0 447 8
z 616 2 1 459 3
z 598 2 1 618 1
z 450 2 1 320 1
/ 547 2 0 252 8
z 989 2 1 471 9
z 636 2 1 402 3
z 477 2 1 691 3
/ 563 2 0 708 6
/ 565 2 0 301 6
z 575 2 1 563 1
z 986 2 1 712 9
/ 606 2 0 406 8
z 1013 2 1 453 3
z 843 2 1 793 9
/ 618 2 0 291 2
z 950 2 1 638 3
z 492 2 1 441 3
/ 490 2 1 485 7
z 604 2 1 338 9
z 467 2 1 337 9
z 604 2 1 495 3
/ 645 2 0 220 2
/ 789 2 0 493 8
z 612 2 1 712 9
z 584 2 1 543 3
/ 723 2 0 561 6
z 742 2 1 594 3
/ 849 2 0 388 6
z 674 2 1 727 9
/ 716 2 0 275 8
/ 685 2 0 617 6
z 551 2 1 634 7
z 487 2 1 231 7
z 709 2 1 475 3
/ 571 2 0 739 4
z 595 2 1 386 7
z 721 2 1 342 9
z 452 2 1 347 9
z 323 2 0 569 6
z 728 2 1 246 9
z 716 2 1 326 1
/ 656 2 0 228 8
z 749 2 1 210 3
z 577 2 1 495 3
z 706 2 1 685 7
/ 664 2 0 702 4
z 726 2 1 623 1
/ 618 2 0 710 8
/ 541 2 0 391 8
/ 412 2 0 629 8
z 519 2 1 674 1
z 1112 2 1 406 7
z 429 2 1 559 7
z 350 2 1 467 7
z 422 2 1 268 7
z 296 2 1 605 7
/ 461 2 0 552 8
z 605 2 1 280 9
z 648 2 1 737 1
/ 579 2 0 494 2
/ 610 2 0 256 8
z 620 2 1 620 3
/ 772 2 0 302 2
/ 636 2 0 474 8
/ 724 2 0 354 4
/ 614 2 0 789 2
/ 494 2 0 446 2
/ 335 2 0 766 2
z 571 2 1 237 7
/ 620 2 0 429 2
z 677 2 1 530 7
/ 525 2 1 374 9
/ 657 2 0 526 8
/ 661 2 0 769 6
z 732 2 1 695 9
z 674 2 1 795 1
/ 731 2 0 751 8
/ 707 2 0 234 6
z 703 2 1 738 9
/ 642 2 0 202 4
z 726 2 1 345 3
z 877 2 1 254 7
/ 718 2 0 281 6
z 624 2 1 360 3
/ 665 2 0 774 8
/ 715 2 0 436 6
/ 522 2 0 276 6
/ 588 2 0 400 4
/ 401 2 0 487 4
z 670 2 1 699 7
z 662 2 1 715 3
z 666 2 1 211 9
z 541 2 1 294 3
z 552 2 1 642 3
/ 529 2 0 257 8
z 658 2 1 657 1
/ 545 2 0 646 8
z 637 2 1 313 3
/ 1149 2 0 468 4
z 739 2 1 622 9
/ 1249 2 0 214 2
/ 636 2 0 399 6
z 578 2 1 454 7
/ 727 2 0 726 4
/ 837 2 0 604 8
/ 665 2 0 441 4
z 764 2 1 420 7
/ 718 2 0 400 2
z 632 2 1 649 1
z 511 2 1 557 1
/ 542 2 0 775 6
/ 540 2 0 796 6
/ 570 2 0 731 2
z 602 2 1 588 1
/ 603 2 1 585 3
/ 567 2 1 467 9
/ 674 2 0 523 2
/ 654 2 0 233 6
z 1007 2 1 374 9
/ 723 2 0 638 8
/ 569 2 0 429 4
/ 495 2 0 738 2
/ 543 2 0 567 6
/ 514 2 0 620 8
/ 564 2 0 673 8
z 536 2 0 317 4
z 698 2 1 448 1
/ 651 2 0 663 4
/ 818 2 0 515 8
z 664 2 1 415 7
/ 683 2 0 448 4
/ 542 2 0 622 6
z 880 2 1 437 3
z 472 2 1 320 3
/ 664 2 0 598 4
/ 747 2 0 688 2
/ 478 2 0 677 4
/ 440 2 0 466 2
/ 473 2 0 767 6
/ 475 2 0 205 4
/ 492 2 0 595 8
z 468 2 1 709 1
/ 514 2 0 454 2
/ 558 2 0 662 4
z 726 2 1 771 9
/ 694 2 0 298 6
z 746 2 0 516 4
z 780 2 1 485 9
/ 415 2 0 353 8
z 554 2 1 762 3
z 566 2 1 533 7
z 638 2 1 613 3
/ 634 2 0 570 6
z 900 2 1 585 1
z 553 2 1 364 7
/ 713 2 0 362 6
/ 672 2 0 299 6
/ 639 2 0 251 4
z 791 2 1 474 3
z 832 2 0 201 8
/ 863 2 0 259 6
/ 678 2 0 721 2
z 667 2 1 617 3
/ 690 2 0 484 4
z 776 2 1 305 3
/ 541 2 0 413 6
z 1151 2 1 358 7
/ 604 2 0 478 4
/ 616 2 0 673 4
z 1111 2 1 571 7
/ 912 2 0 338 2
z 797 2 1 426 9
z 661 2 1 610 1
z 591 2 1 684 3
z 1094 2 1 603 7
/ 912 2 0 202 2
/ 862 2 0 729 6
z 690 2 1 694 1
/ 633 2 0 718 2
/ 680 2 0 352 8
z 615 2 1 354 3
/ 598 2 1 761 9
/ 966 2 0 735 8
z 660 2 1 607 9
/ 648 2 0 628 6
/ 706 2 0 385 6
/ 1044 2 0 583 8
/ 499 2 0 451 8
/ 581 2 0 293 2
/ 499 2 0 729 4
/ 522 2 0 775 2
z 674 2 1 778 7
z 769 2 1 787 9
/ 709 2 0 385 8
z 647 2 1 637 1
/ 712 2 0 268 6
z 553 2 1 274 3
z 643 2 1 582 7
z 663 2 1 722 9
/ 835 2 0 585 2
/ 686 2 0 279 4
/ 603 2 0 675 2
z 470 2 1 538 7
z 548 2 1 273 3
z 510 2 1 704 1
/ 633 2 0 629 4
/ 650 2 0 557 8
/ 431 2 1 576 3
/ 928 2 0 602 2
z 1179 2 1 559 7
/ 631 2 0 605 2
/ 1405 2 0 439 6
/ 622 2 0 331 6
z 719 2 1 406 1
z 691 2 1 468 1
/ 671 2 0 693 8
/ 1184 2 0 432 2
/ 630 2 0 701 8
z 780 2 1 283 1
z 1159 2 1 358 7
/ 876 2 0 776 8
/ 849 2 0 330 6
/ 616 2 0 766 2
z 694 2 1 437 7
/ 847 2 0 329 2
/ 647 2 0 741 8
/ 582 2 0 554 4
/ 529 2 0 744 4
z 561 2 1 661 9
z 667 2 1 534 3
z 679 2 1 500 1
z 893 2 1 597 9
z 609 2 1 362 1
/ 748 2 0 503 4
z 840 2 1 641 7
/ 1042 2 0 205 6
z 898 2 1 424 3
z 830 2 1 591 3
z 685 2 1 373 7
z 579 2 1 781 3
z 642 2 1 314 7
z 533 2 1 573 7
/ 662 2 0 542 2
/ 655 2 0 392 4
/ 693 2 0 318 8
/ 641 2 0 558 2
/ 506 2 0 641 4
z 580 2 1 471 3
z 617 2 1 579 1
/ 580 2 0 703 4
/ 999 2 0 268 2
/ 639 2 0 774 6
z 603 2 1 500 7
z 504 2 1 654 7
z 476 2 1 523 7
/ 555 2 1 360 9
z 614 2 1 398 7
/ 649 2 0 205 4
/ 659 2 0 520 2
/ 481 2 0 592 2
/ 503 2 0 571 4
z 596 2 1 556 3
z 563 2 1 233 7
/ 740 2 0 396 8
z 686 2 1 562 9
/ 629 2 0 328 6
z 941 2 1 376 7
/ 647 2 0 475 4
/ 758 2 0 316 2
z 591 2 1 423 1
z 747 2 1 791 3
z 819 2 1 480 7
z 495 2 1 729 1
/ 684 2 0 746 4
z 713 2 1 283 3
/ 688 2 0 698 2
/ 669 2 0 790 6
z 586 2 1 311 9
/ 1100 2 0 636 2
/ 573 2 0 471 8
z 581 2 1 553 3
z 566 2 1 594 3
/ 639 2 0 601 6
z 629 2 1 217 1
/ 703 2 0 304 4
z 549 2 1 423 1
/ 466 2 0 513 2
z 633 2 1 631 3
/ 404 2 0 731 8
z 532 2 1 530 3
/ 516 2 0 586 4
z 540 2 1 297 3
z 615 2 1 207 3
/ 534 2 0 632 8
z 850 2 0 754 4
z 722 2 1 692 3
/ 554 2 0 333 6
z 533 2 1 240 9
/ 596 2 0 201 8
z 644 2 1 210 7
z 531 2 1 481 7
/ 575 2 1 208 1
z 598 2 1 236 3
z 780 2 1 765 9
/ 679 2 0 634 6
/ 585 2 0 214 6
z 546 2 0 711 2
z 499 2 1 713 1
/ 562 2 0 641 2
z 685 2 1 340 3
z 698 2 1 629 9
/ 669 2 0 504 4
/ 571 2 0 297 6
z 633 2 1 723 3
z 585 2 1 460 7
z 493 2 1 468 1
z 527 2 1 413 3
z 393 2 1 317 3
/ 582 2 0 507 4
/ 933 2 0 752 2
/ 501 2 0 210 4
/ 791 2 0 598 8
/ 485 2 0 299 8
/ 576 2 0 372 2
/ 346 2 0 765 8
/ 340 2 1 609 7
z 558 2 1 429 1
/ 709 2 0 367 2
/ 520 2 0 600 2
/ 577 2 0 550 6
/ 784 2 0 788 2
/ 527 2 0 309 2
/ 565 2 0 398 8
z 612 2 1 761 9
z 607 2 1 577 3
z 530 2 1 483 1
/ 615 2 0 591 8
/ 548 2 0 282 6
/ 656 2 0 220 6
/ 570 2 0 240 8
/ 415 2 0 624 6
z 658 2 1 500 9
z 451 2 1 693 9
/ 550 2 0 793 2
z 646 2 1 558 7
/ 706 2 0 209 4
z 521 2 1 213 1
/ 550 2 1 597 9
/ 671 2 0 409 8
z 540 2 1 384 1
z 692 2 1 218 7
z 472 2 1 467 7
/ 610 2 0 609 6
z 569 2 1 370 7
z 623 2 1 677 3
/ 682 2 0 722 2
/ 790 2 0 526 4
z 765 2 1 385 9
/ 662 2 0 329 2
/ 640 2 0 781 4
/ 470 2 0 353 8
z 595 2 1 405 3
z 588 2 1 329 1
z 649 2 1 567 7
z 541 2 1 577 7
z 700 2 1 365 3
/ 636 2 0 733 8
z 508 2 1 393 1
/ 768 2 0 597 2
z 539 2 1 389 1
/ 466 2 0 370 4
/ 537 2 0 280 6
z 606 2 1 422 3
/ 560 2 1 503 7
z 557 2 1 753 3
z 493 2 0 316 2
z 771 2 1 654 9
z 683 2 1 248 3
z 618 2 1 365 7
/ 649 2 0 604 4
z 711 2 1 390 7
z 687 2 1 317 9
z 602 2 1 465 1
z 434 2 1 452 1
z 512 2 1 456 7
z 466 2 0 206 8
/ 770 2 0 337 8
/ 572 2 0 320 6
/ 390 2 0 755 6
z 603 2 1 794 1
/ 566 2 0 341 8
/ 827 2 0 801 6
z 722 2 1 542 1
z 784 2 1 663 7
/ 570 2 0 595 8
/ 655 2 0 592 4
/ 398 2 0 209 4
z 675 2 1 301 3
z 734 2 1 373 9
z 506 2 1 583 9
/ 643 2 0 211 4
/ 1040 2 0 217 6
z 662 2 1 653 9
z 758 2 1 258 9
/ 682 2 0 661 4
z 832 2 1 304 9
/ 564 2 0 318 4
z 567 2 1 455 1
/ 496 2 0 530 6
/ 619 2 0 313 6
z 513 2 1 588 3
/ 584 2 0 520 2
/ 669 2 0 647 6
z 607 2 1 632 3
/ 518 2 0 358 8
/ 592 2 0 388 2
/ 499 2 0 291 2
/ 428 2 1 448 3
/ 719 2 0 634 2
/ 536 2 0 710 8
/ 635 2 0 776 6
/ 714 2 0 332 4
z 834 2 1 737 3
z 610 2 1 757 9
z 863 2 1 690 7
z 678 2 1 663 9
z 876 2 1 424 9
/ 674 2 0 387 6
z 614 2 0 283 2
/ 626 2 0 352 6
z 785 2 1 574 1
/ 594 2 0 783 8
z 586 2 1 751 7
/ 703 2 0 503 4
/ 570 2 0 340 4
/ 441 2 0 535 4
z 613 2 1 743 9
/ 845 2 0 274 2
/ 487 2 0 636 8
z 677 2 1 549 1
z 677 2 1 610 1
/ 540 2 0 517 4
/ 515 2 0 271 2
/ 428 2 0 584 6
z 668 2 1 723 3
/ 544 2 0 407 4
z 626 2 1 466 3
/ 498 2 0 572 4
z 939 2 1 269 7
/ 599 2 0 796 4
z 520 2 1 510 1
z 588 2 1 546 1
z 384 2 1 521 1
z 359 2 1 429 1
/ 523 2 1 390 3
/ 640 2 0 346 2
/ 792 2 0 575 6
z 562 2 1 409 3
/ 608 2 0 498 8
/ 523 2 0 386 4
/ 459 2 0 549 4
z 556 2 1 789 1
/ 553 2 0 422 2
/ 515 2 0 565 4
/ 383 2 1 211 3
/ 724 2 0 772 4
z 562 2 1 245 9
z 500 2 1 329 9
z 437 2 1 632 9
z 542 2 1 447 7
z 536 2 1 417 7
z 575 2 1 492 7
/ 669 2 0 761 2
/ 595 2 0 722 8
z 563 2 1 540 3
/ 612 2 1 560 9
/ 582 2 0 584 2
z 531 2 1 662 1
/ 688 2 0 242 8
z 706 2 1 446 7
/ 685 2 0 610 2
z 851 2 1 334 9
z 450 2 1 671 9
z 374 2 1 476 9
/ 653 2 0 682 8
z 602 2 1 559 7
z 487 2 1 574 7
/ 681 2 0 217 2
z 741 2 1 701 7
/ 596 2 0 783 8
/ 804 2 0 747 4
/ 589 2 0 339 6
/ 629 2 0 647 8
z 667 2 1 210 9
/ 784 2 0 269 2
/ 678 2 0 759 6
z 554 2 1 329 1
/ 684 2 0 593 4
z 711 2 1 328 9
z 832 2 1 342 3
/ 746 2 0 237 8
/ 849 2 0 219 6
/ 483 2 0 209 2
z 701 2 1 566 7
z 783 2 1 231 9
/ 692 2 0 323 4
/ 982 2 0 446 2
/ 1119 2 0 263 2
z 633 2 1 684 9
z 697 2 1 516 1
z 614 2 1 526 1
z 550 2 1 565 1
/ 743 2 0 389 2
/ 884 2 0 405 2
z 574 2 1 461 1
/ 522 2 0 414 8
/ 847 2 0 358 2
/ 548 2 0 465 6
/ 517 2 0 238 8
/ 553 2 0 554 4
/ 414 2 0 286 4
/ 454 2 0 381 6
/ 308 2 1 222 3
z 721 2 1 244 7
/ 854 2 0 416 6
/ 636 2 1 550 9
/ 687 2 0 782 2
z 670 2 1 645 7
/ 725 2 0 736 2
z 597 2 1 608 9
/ 698 2 0 209 4
z 637 2 1 544 7
z 585 2 1 439 3
/ 732 2 0 279 4
z 889 2 1 726 1
z 706 2 1 744 3
/ 667 2 0 368 4
z 653 2 0 425 8
/ 600 2 0 651 6
/ 485 2 0 483 8
z 673 2 1 210 9
z 1034 2 1 254 9
z 573 2 1 488 3
z 569 2 1 349 7
z 499 2 1 315 3
z 460 2 0 691 8
z 591 2 1 465 3
z 686 2 1 305 1
/ 532 2 0 389 8
/ 581 2 0 356 6
/ 583 2 0 599 2
/ 581 2 0 416 2
/ 536 2 0 472 4
/ 454 2 0 401 4
z 516 2 1 280 9
z 670 2 1 428 1
z 638 2 1 782 9
z 620 2 1 564 9
/ 651 2 0 491 8
z 595 2 1 801 7
z 623 2 1 303 3
/ 690 2 0 437 6
z 888 2 1 426 9
z 432 2 1 315 1
z 523 2 1 340 3
z 510 2 1 231 3
z 512 2 1 688 7
/ 608 2 0 267 6
z 598 2 1 678 1
/ 503 2 0 769 4
z 609 2 1 306 7
z 582 2 1 778 7
z 634 2 1 621 3
z 363 2 1 422 3
/ 708 2 0 643 4
z 1038 2 1 262 9
/ 618 2 0 656 4
z 659 2 1 613 9
/ 655 2 0 243 2
/ 613 2 0 658 4
/ 449 2 0 303 4
/ 551 2 0 489 4
/ 575 2 0 209 8
z 676 2 1 301 9
z 589 2 1 610 1
/ 595 2 0 312 8
z 1106 2 1 691 9
z 505 2 1 734 9
z 739 2 1 542 1
z 24 2 0 294 6
z 1061 2 1 210 1
z 700 2 1 622 7
/ 581 2 0 540 4
z 482 2 1 383 1
z 675 2 1 481 1
z 617 2 1 414 9
/ 541 2 0 669 4
/ 645 2 0 592 6
z 596 2 1 385 7
z 670 2 1 777 1
/ 562 2 0 713 2
z 663 2 1 772 7
/ 618 2 0 689 6
z 614 2 1 626 7
z 489 2 1 671 1
/ 654 2 0 510 4
z 583 2 1 559 9
/ 725 2 0 605 8
/ 605 2 0 784 6
z 675 2 1 525 9
z 687 2 0 436 8
z 638 2 1 643 1
z 465 2 1 427 3
z 481 2 1 325 1
/ 730 2 0 579 8
/ 682 2 0 797 2
z 715 2 1 566 3
z 720 2 1 635 7
z 682 2 1 705 1
z 570 2 1 725 3
z 560 2 1 384 1
z 1110 2 1 472 7
z 512 2 1 285 7
z 680 2 1 541 9
z 558 2 1 766 7
z 650 2 1 468 9
z 608 2 1 322 7
z 679 2 1 436 3
z 452 2 0 362 6
z 614 2 1 611 1
/ 562 2 0 509 2
/ 459 2 0 540 2
/ 838 2 0 723 8
/ 516 2 0 783 8
z 529 2 1 600 7
/ 718 2 0 481 2
z 591 2 1 601 9
z 719 2 1 478 1
/ 568 2 0 470 4
z 698 2 1 421 9
z 594 2 1 472 1
/ 594 2 0 577 2
/ 509 2 0 440 2
/ 528 2 0 766 6
/ 705 2 0 670 8
/ 431 2 0 344 8
/ 486 2 0 423 8
/ 535 2 0 257 6
/ 430 2 0 494 8
z 853 2 1 716 7
z 572 2 1 344 3
z 608 2 1 631 3
/ 603 2 0 664 2
/ 504 2 0 537 4
z 494 2 1 413 7
/ 851 2 0 389 4
z 487 2 1 746 7
z 622 2 1 387 9
/ 595 2 0 706 8
/ 495 2 0 586 8
/ 560 2 0 250 2
/ 520 2 0 584 2
/ 384 2 0 584 8
/ 374 2 1 509 7
z 549 2 1 578 1
/ 625 2 0 633 6
z 691 2 1 271 9
z 723 2 1 495 7
z 529 2 1 768 7
z 539 2 1 580 3
/ 603 2 0 215 8
z 597 2 1 760 3
/ 609 2 0 359 8
/ 611 2 0 637 8
z 539 2 1 477 9
/ 484 2 1 792 9
z 676 2 1 364 1
z 578 2 1 488 7
/ 526 2 0 299 6
z 512 2 1 700 1
/ 691 2 1 606 3
z 684 2 1 230 9
/ 661 2 0 429 2
/ 572 2 0 571 6
/ 438 2 0 484 8
/ 476 2 0 770 2
z 836 2 1 379 3
/ 1263 2 0 389 6
/ 548 2 0 236 8
z 596 2 1 651 7
/ 916 2 0 764 4
z 693 2 1 694 9
z 706 2 1 726 1
z 590 2 1 204 3
z 757 2 1 458 1
z 1413 2 1 519 1
z 431 2 1 323 1
z 564 2 1 704 7
z 491 2 1 471 3
z 639 2 1 246 9
/ 686 2 0 295 2
/ 527 2 0 376 6
z 580 2 1 538 9
z 738 2 1 740 7
/ 568 2 0 203 6
/ 733 2 0 748 6
/ 596 2 0 659 2
/ 413 2 0 282 2
/ 632 2 0 591 8
z 512 2 1 720 3
z 441 2 1 641 3
z 540 2 1 250 9
z 576 2 1 775 7
/ 522 2 0 782 6
z 614 2 1 597 1
z 417 2 1 551 1
/ 556 2 0 667 6
z 486 2 1 479 7
/ 473 2 0 453 2
z 504 2 1 456 3
/ 433 2 0 674 6
z 567 2 1 244 7
/ 499 2 0 233 2
/ 536 2 0 351 2
z 534 2 1 704 3
