/ 338 2 0 558 2
z 461 2 1 777 1
z 432 2 0 670 8
/ 494 2 0 538 4
z 805 2 1 466 3
z 534 2 1 662 1
/ 411 2 0 328 6
/ 503 2 0 283 2
z 591 2 1 385 7
/ 363 2 0 446 2
z 376 2 1 514 9
/ 360 2 1 653 3
z 566 2 1 354 3
/ 427 2 0 338 6
z 441 2 0 637 8
/ 661 2 0 224 8
/ 440 2 0 597 2
/ 475 2 0 746 2
z 442 2 1 632 9
z 516 2 1 393 1
z 462 2 1 626 7
/ 427 2 0 592 6
/ 398 2 0 303 4
/ 458 2 0 429 6
/ 341 2 0 219 6
z 530 2 1 787 9
/ 362 2 0 209 4
z 571 2 1 533 7
z 498 2 1 564 9
/ 417 2 0 685 6
z 408 2 1 772 7
z 471 2 1 640 3
/ 392 2 1 402 7
z 793 2 1 723 3
z 477 2 1 600 7
z 493 2 1 384 1
z 460 2 1 537 9
/ 495 2 0 317 4
/ 421 2 0 439 8
/ 405 2 0 768 6
/ 316 2 0 749 2
z 469 2 1 594 3
z 478 2 1 393 9
/ 460 2 0 586 4
/ 403 2 1 600 3
z 907 2 1 523 7
z 424 2 1 770 9
/ 554 2 0 385 8
z 457 2 1 530 7
/ 397 2 0 395 4
/ 437 2 0 769 6
/ 347 2 0 653 2
z 452 2 1 574 7
z 447 2 0 755 6
z 534 2 1 270 7
z 633 2 1 671 9
/ 401 2 0 682 4
z 548 2 1 292 1
/ 393 2 0 509 2
/ 449 2 0 367 2
z 487 2 1 801 9
z 531 2 1 327 9
/ 535 2 0 598 8
z 473 2 1 283 3
z 558 2 1 693 9
z 430 2 1 661 9
z 545 2 1 349 7
z 577 2 1 637 1
z 415 2 1 688 7
/ 364 2 0 338 2
z 535 2 1 218 7
z 550 2 1 298 7
/ 460 2 0 352 6
z 586 2 1 294 3
/ 549 2 0 767 6
z 484 2 1 753 3
z 456 2 1 423 1
/ 493 2 0 761 2
/ 459 2 0 602 4
/ 418 2 0 488 4
z 460 2 1 538 9
z 359 2 1 246 9
z 534 2 1 611 1
/ 471 2 0 790 6
/ 325 2 0 759 6
z 398 2 1 499 1
z 584 2 1 488 3
z 461 2 1 258 9
/ 588 2 0 718 2
z 490 2 1 437 9
z 502 2 1 704 1
/ 515 2 0 583 8
/ 469 2 0 605 2
/ 437 2 0 677 4
z 512 2 1 601 9
z 398 2 1 358 7
z 495 2 1 526 1
/ 527 2 0 754 4
z 476 2 1 210 3
/ 498 2 0 502 2
/ 435 2 0 279 4
/ 450 2 0 681 8
/ 405 2 0 387 6
/ 383 2 0 288 6
/ 337 2 0 620 8
z 456 2 1 347 9
/ 486 2 0 584 8
z 416 2 1 468 1
z 428 2 1 648 1
/ 394 2 0 250 2
/ 426 2 0 329 2
z 600 2 1 420 7
z 508 2 1 420 3
/ 373 2 0 520 2
z 470 2 1 414 9
/ 471 2 0 498 8
z 545 2 1 480 7
/ 354 2 0 291 2
z 470 2 0 389 8
z 464 2 1 597 1
z 434 2 1 360 9
/ 658 2 0 426 8
z 512 2 1 712 9
/ 476 2 0 520 2
/ 533 2 0 783 8
/ 457 2 0 329 2
/ 440 2 0 330 6
/ 334 2 0 513 2
/ 403 2 0 454 2
/ 587 2 0 591 8
z 430 2 1 467 9
z 534 2 1 627 1
z 407 2 1 712 9
/ 487 2 0 776 6
z 444 2 1 566 7
z 467 2 1 426 9
/ 584 2 0 346 6
z 728 2 1 738 9
z 452 2 1 209 1
z 396 2 1 360 3
/ 589 2 1 716 7
z 785 2 1 737 3
/ 713 2 0 549 4
z 598 2 1 618 1
/ 444 2 0 493 8
z 393 2 1 409 3
/ 390 2 0 466 2
z 409 2 1 301 7
/ 448 2 0 297 2
z 399 2 1 452 1
z 424 2 1 678 1
z 533 2 1 321 9
z 543 2 1 654 7
z 349 2 1 448 7
z 409 2 1 577 7
z 689 2 1 464 1
z 424 2 1 376 7
z 532 2 1 340 3
/ 495 2 0 592 2
/ 482 2 0 391 8
/ 453 2 0 407 6
z 585 2 1 437 7
/ 489 2 0 282 6
z 813 2 1 337 1
z 453 2 1 492 7
/ 457 2 0 617 6
/ 499 2 0 526 4
z 453 2 1 323 1
/ 343 2 0 440 2
/ 475 2 0 211 4
z 485 2 1 538 7
z 357 2 1 771 9
/ 543 2 0 374 6
/ 385 2 0 636 2
/ 362 2 0 523 6
z 476 2 1 781 3
/ 492 2 0 339 6
z 629 2 1 338 9
/ 319 2 0 268 2
/ 451 2 0 494 8
z 444 2 1 401 1
/ 309 2 0 313 8
/ 385 2 0 318 4
z 620 2 1 380 1
/ 423 2 1 643 1
/ 427 2 0 701 2
z 529 2 1 685 7
/ 492 2 0 567 6
z 475 2 1 479 7
z 596 2 1 477 3
z 535 2 1 768 7
z 402 2 1 314 7
z 540 2 1 585 1
/ 458 2 0 276 6
/ 441 2 0 206 8
z 533 2 1 417 7
z 469 2 1 320 3
z 505 2 1 455 1
/ 536 2 0 607 4
z 456 2 1 801 7
z 440 2 1 374 9
z 440 2 1 723 7
/ 320 2 0 585 2
z 435 2 1 326 1
/ 414 2 0 669 4
z 425 2 1 582 7
z 533 2 1 429 1
z 394 2 1 794 1
z 720 2 1 313 3
/ 458 2 0 263 2
z 852 2 1 566 3
/ 496 2 0 579 8
z 588 2 1 372 1
/ 493 2 0 451 4
/ 518 2 0 396 8
z 552 2 1 213 1
z 487 2 1 762 3
z 365 2 1 495 3
/ 424 2 0 641 4
z 463 2 1 329 1
/ 465 2 0 364 2
z 542 2 1 285 7
/ 372 2 0 596 2
z 487 2 1 481 1
/ 312 2 0 664 2
z 357 2 0 280 8
z 549 2 1 352 1
/ 431 2 0 291 2
z 521 2 1 513 9
/ 540 2 0 782 6
z 489 2 1 558 3
/ 401 2 0 316 2
z 497 2 1 305 3
/ 425 2 0 316 2
z 485 2 1 585 3
/ 478 2 0 586 8
z 498 2 1 224 3
z 483 2 1 370 7
/ 517 2 0 729 4
z 459 2 1 793 9
/ 481 2 0 571 6
z 452 2 1 598 1
z 407 2 1 610 1
/ 570 2 0 370 4
/ 495 2 0 323 4
z 501 2 1 775 7
z 466 2 1 668 9
z 481 2 1 691 9
/ 499 2 0 636 6
/ 553 2 0 228 8
z 572 2 1 543 9
/ 481 2 0 354 2
/ 531 2 0 661 4
/ 360 2 0 517 4
/ 303 2 0 658 4
/ 301 2 1 268 7
/ 627 2 0 425 2
/ 480 2 0 332 4
z 459 2 1 446 7
/ 428 2 0 704 6
/ 433 2 0 775 2
z 560 2 1 204 3
z 424 2 1 632 3
z 325 2 1 573 3
/ 468 2 0 205 4
z 586 2 1 453 3
z 484 2 1 746 3
/ 526 2 0 295 8
/ 455 2 0 599 2
/ 413 2 0 629 8
z 466 2 1 317 9
/ 390 2 0 600 2
z 371 2 1 765 9
z 403 2 1 560 9
z 462 2 1 609 7
/ 447 2 0 233 2
z 505 2 1 760 3
z 451 2 1 737 1
/ 515 2 0 461 8
z 550 2 1 429 1
/ 469 2 0 714 8
z 601 2 1 576 3
z 393 2 1 387 1
/ 480 2 0 782 2
/ 732 2 0 257 8
z 502 2 1 699 7
/ 428 2 0 630 2
z 444 2 1 240 1
z 604 2 1 245 9
/ 537 2 0 475 8
z 683 2 1 536 9
/ 430 2 0 209 8
z 392 2 1 281 1
/ 511 2 0 606 6
z 488 2 1 751 7
z 417 2 0 609 6
/ 505 2 0 251 4
/ 456 2 0 584 2
z 500 2 1 519 1
/ 438 2 0 537 4
/ 421 2 0 601 4
/ 378 2 0 429 8
/ 455 2 0 656 4
/ 331 2 0 776 8
/ 557 2 0 356 6
/ 466 2 0 491 4
/ 382 2 0 400 4
/ 306 2 0 598 4
/ 549 2 0 472 8
/ 360 2 0 264 4
/ 358 2 0 731 8
/ 384 2 0 691 8
/ 340 2 0 237 8
/ 460 2 0 503 4
/ 394 2 0 711 2
z 489 2 1 227 1
z 491 2 1 383 9
/ 679 2 0 529 8
/ 523 2 0 571 4
/ 356 2 0 310 6
/ 408 2 0 351 2
z 577 2 1 509 7
/ 376 2 0 389 4
/ 455 2 0 313 6
/ 446 2 0 439 6
/ 415 2 0 269 2
z 462 2 0 693 8
/ 747 2 0 741 6
/ 877 2 0 210 4
z 568 2 1 744 3
z 389 2 1 503 7
z 383 2 1 472 7
/ 466 2 0 301 6
z 398 2 1 428 1
/ 448 2 0 643 4
/ 412 2 0 736 2
z 441 2 1 622 9
/ 368 2 0 731 8
/ 426 2 0 465 6
z 648 2 1 373 7
z 742 2 1 340 3
z 578 2 1 717 1
/ 378 2 0 429 2
z 487 2 1 352 9
z 545 2 1 591 3
/ 442 2 0 367 2
/ 445 2 0 796 4
/ 364 2 0 744 4
z 480 2 1 289 7
/ 536 2 0 530 6
z 449 2 1 322 7
/ 647 2 0 392 4
/ 461 2 0 722 2
/ 560 2 0 247 6
z 858 2 1 274 3
/ 407 2 1 472 1
z 528 2 1 210 1
/ 498 2 0 674 4
z 504 2 1 316 3
z 474 2 1 550 9
z 691 2 1 641 3
/ 548 2 0 592 6
z 543 2 1 559 7
z 474 2 1 525 9
z 405 2 1 567 7
/ 499 2 0 336 4
/ 538 2 0 265 4
/ 434 2 0 713 2
/ 413 2 0 227 6
z 636 2 1 210 9
/ 654 2 0 721 2
/ 489 2 0 201 8
/ 401 2 0 554 4
z 456 2 1 610 1
z 443 2 1 725 7
z 432 2 1 704 7
/ 454 2 0 272 4
z 488 2 1 510 1
z 481 2 1 460 7
/ 448 2 0 370 4
/ 445 2 0 337 8
z 523 2 1 678 1
z 470 2 1 385 9
z 438 2 1 389 1
z 488 2 1 543 3
z 396 2 1 544 7
z 395 2 1 311 9
z 398 2 1 426 7
/ 430 2 0 569 6
z 391 2 1 442 7
z 391 2 0 202 4
/ 430 2 0 738 2
z 462 2 1 398 7
/ 350 2 1 583 9
/ 436 2 0 754 4
z 435 2 1 597 9
/ 477 2 0 674 6
/ 358 2 0 736 4
/ 379 2 0 429 2
z 487 2 1 610 1
/ 402 2 1 230 3
/ 559 2 0 408 8
z 444 2 1 635 7
z 347 2 1 413 3
/ 387 2 0 651 6
/ 339 2 0 385 6
z 499 2 1 437 3
/ 395 2 0 682 8
z 662 2 1 575 9
/ 320 2 0 703 4
/ 526 2 0 215 8
/ 659 2 0 297 6
z 546 2 1 462 7
/ 349 2 0 281 6
z 489 2 1 631 3
/ 350 2 0 706 8
/ 409 2 0 624 6
/ 355 2 0 381 6
/ 472 2 0 612 4
z 556 2 1 542 1
/ 512 2 0 691 6
/ 425 2 0 205 6
z 587 2 1 345 3
z 602 2 1 622 7
z 472 2 1 505 7
z 518 2 1 500 7
/ 535 2 0 259 6
/ 482 2 0 353 8
/ 483 2 0 346 2
/ 531 2 0 274 2
/ 581 2 0 257 8
z 620 2 1 559 7
/ 673 2 0 739 4
z 521 2 1 534 3
z 593 2 1 257 1
z 473 2 1 207 3
z 670 2 1 722 9
z 478 2 1 551 1
/ 530 2 0 220 2
/ 509 2 1 458 1
z 518 2 1 746 7
/ 451 2 0 447 8
/ 406 2 0 722 8
/ 403 2 0 316 2
z 432 2 1 454 7
z 494 2 1 704 1
/ 495 2 0 380 4
/ 483 2 0 294 6
/ 508 2 0 453 2
z 567 2 1 236 3
/ 496 2 0 634 6
z 460 2 1 705 1
/ 451 2 0 388 6
/ 384 2 0 489 6
/ 460 2 0 281 8
/ 427 2 0 764 8
/ 476 2 0 698 2
/ 542 2 0 209 4
z 591 2 1 541 7
/ 448 2 0 558 6
z 494 2 1 406 1
z 530 2 1 459 3
/ 427 2 0 595 8
/ 509 2 0 683 4
z 454 2 1 210 1
z 653 2 1 211 9
z 571 2 1 231 3
/ 603 2 0 595 8
/ 574 2 0 299 8
z 513 2 1 710 9
z 459 2 1 611 1
z 470 2 1 474 3
/ 484 2 0 557 8
/ 421 2 0 641 2
z 464 2 1 329 9
/ 734 2 0 689 6
/ 511 2 0 436 6
z 867 2 1 521 1
/ 426 2 0 543 2
/ 487 2 0 368 4
/ 412 2 0 414 8
/ 419 2 0 429 4
z 591 2 1 617 3
/ 405 2 0 772 4
z 436 2 1 422 3
z 420 2 1 694 1
/ 400 2 0 283 2
/ 706 2 0 593 4
/ 522 2 0 240 8
z 623 2 1 303 3
z 546 2 1 353 7
z 462 2 1 691 3
/ 647 2 1 713 1
z 873 2 1 597 9
/ 496 2 0 788 8
z 639 2 1 251 3
/ 603 2 0 217 6
z 510 2 1 623 9
/ 346 2 0 503 2
z 560 2 1 605 9
/ 437 2 0 735 2
/ 495 2 0 554 4
/ 520 2 0 693 4
/ 370 2 0 353 8
z 478 2 1 617 3
/ 557 2 0 492 4
/ 424 2 0 340 4
/ 395 2 0 566 2
/ 351 2 0 662 8
/ 391 2 0 402 2
z 504 2 1 274 9
z 432 2 1 791 7
z 513 2 1 387 9
z 361 2 1 476 9
z 399 2 1 603 7
z 513 2 1 217 1
/ 526 2 0 475 4
/ 443 2 0 446 2
/ 429 2 0 335 6
/ 457 2 0 504 4
/ 412 2 0 516 4
/ 370 2 0 205 6
/ 472 2 0 214 2
/ 409 2 0 784 6
/ 497 2 0 205 4
/ 418 2 0 468 4
/ 553 2 0 463 2
/ 410 2 0 634 2
z 450 2 1 580 3
/ 422 2 0 766 2
z 391 2 1 243 9
z 476 2 1 558 7
/ 550 2 0 399 6
z 506 2 1 359 9
z 465 2 1 778 7
/ 495 2 0 526 8
z 538 2 1 304 9
/ 446 2 0 788 2
z 463 2 1 439 3
z 654 2 1 541 9
/ 480 2 0 317 4
z 620 2 1 306 7
z 538 2 1 508 3
z 474 2 1 483 1
z 509 2 1 553 7
z 462 2 1 642 3
z 403 2 1 766 7
z 507 2 1 638 3
z 459 2 1 476 3
z 495 2 1 349 7
z 600 2 1 244 7
z 550 2 1 474 9
z 558 2 1 761 1
/ 503 2 0 774 6
z 479 2 1 684 3
/ 728 2 0 298 8
/ 491 2 0 432 2
z 1187 2 1 379 3
/ 468 2 1 406 1
/ 394 2 1 362 1
/ 583 2 0 646 8
z 437 2 1 364 1
z 396 2 1 529 1
z 453 2 1 301 9
z 459 2 1 778 7
z 316 2 0 286 4
z 736 2 1 741 1
/ 460 2 0 405 2
z 543 2 1 500 9
/ 542 2 0 510 8
z 512 2 1 549 1
/ 493 2 0 201 8
/ 454 2 0 494 2
/ 382 2 0 243 2
/ 476 2 0 647 8
z 396 2 1 562 7
z 691 2 1 424 9
z 494 2 1 546 1
z 676 2 1 798 3
z 499 2 1 413 7
z 484 2 1 631 3
/ 455 2 0 688 2
z 650 2 1 791 3
z 503 2 1 472 9
/ 520 2 0 764 4
/ 397 2 0 757 6
z 497 2 1 364 7
/ 461 2 0 789 2
/ 402 2 0 234 6
/ 358 2 1 573 7
/ 434 2 0 664 2
/ 578 2 0 507 4
z 516 2 1 761 9
z 453 2 1 344 3
z 503 2 1 405 3
z 523 2 1 775 7
z 447 2 1 248 3
z 439 2 1 553 3
/ 471 2 0 673 8
z 582 2 1 629 9
/ 437 2 0 659 2
/ 458 2 0 539 4
z 941 2 1 695 7
/ 463 2 0 242 8
z 499 2 0 638 8
/ 644 2 0 491 8
/ 502 2 0 374 8
z 555 2 1 708 3
/ 586 2 0 359 8
/ 388 2 0 209 2
/ 425 2 0 282 2
/ 371 2 0 514 2
/ 412 2 0 647 6
z 445 2 1 725 3
z 380 2 1 293 3
/ 634 2 0 775 6
z 519 2 1 568 7
z 465 2 1 778 7
/ 464 2 0 728 6
/ 419 2 0 766 2
/ 411 2 1 342 3
/ 561 2 0 425 8
z 542 2 1 210 7
z 466 2 1 683 7
z 403 2 0 673 4
/ 466 2 0 474 8
z 619 2 1 449 3
/ 479 2 0 257 6
/ 428 2 0 331 6
/ 417 2 0 733 8
/ 402 2 0 508 6
/ 396 2 0 791 4
z 511 2 1 715 3
/ 327 2 0 675 2
z 574 2 1 210 9
z 498 2 1 557 1
/ 499 2 0 663 4
/ 407 2 0 662 4
/ 454 2 0 622 6
/ 407 2 0 542 2
z 584 2 1 533 3
z 478 2 1 574 1
z 460 2 1 427 3
/ 566 2 0 236 8
/ 492 2 0 629 6
z 488 2 1 325 1
/ 482 2 0 214 6
z 683 2 1 775 1
z 469 2 1 782 9
/ 503 2 0 540 2
z 504 2 1 303 9
/ 450 2 1 283 1
/ 516 2 0 770 2
/ 535 2 0 406 8
z 721 2 0 484 8
/ 631 2 0 423 8
/ 422 2 0 358 8
z 508 2 1 671 1
z 548 2 1 471 3
/ 456 2 0 584 6
/ 534 2 0 333 6
/ 387 2 0 202 2
/ 380 2 0 601 6
/ 339 2 0 484 4
/ 341 2 0 439 6
/ 324 2 1 684 9
z 532 2 1 622 7
z 389 2 1 621 3
z 526 2 1 784 1
z 596 2 1 559 9
/ 540 2 0 481 2
/ 354 2 1 516 1
/ 662 2 0 746 4
z 516 2 1 698 9
/ 542 2 0 318 8
/ 443 2 0 719 8
/ 418 2 0 409 8
z 485 2 1 620 1
z 537 2 1 663 7
/ 442 2 0 271 2
/ 437 2 0 222 2
z 485 2 1 623 1
/ 315 2 0 310 2
/ 544 2 0 747 4
z 441 2 1 526 7
z 566 2 1 734 9
/ 621 2 0 701 8
z 435 2 1 365 7
/ 405 2 0 584 2
/ 416 2 0 575 6
z 478 2 1 230 9
/ 445 2 0 362 6
z 784 2 1 244 7
z 472 2 1 709 1
/ 438 2 0 472 4
z 508 2 0 441 4
z 524 2 1 254 9
z 695 2 1 222 3
/ 548 2 0 401 6
z 652 2 1 415 7
z 491 2 1 760 1
/ 501 2 0 299 6
z 639 2 1 587 1
z 517 2 1 634 7
/ 512 2 0 629 4
/ 405 2 0 723 8
z 497 2 1 251 7
z 613 2 1 461 1
/ 456 2 0 400 2
z 467 2 1 423 1
z 524 2 1 481 7
/ 426 2 0 719 2
/ 357 2 0 667 6
z 491 2 1 239 9
z 523 2 1 495 3
/ 515 2 0 470 4
/ 562 2 0 413 6
/ 399 2 0 312 8
/ 375 2 0 796 6
/ 352 2 0 604 4
z 428 2 1 695 9
/ 432 2 0 510 4
z 553 2 1 495 7
/ 559 2 0 779 8
/ 411 2 0 676 2
/ 398 2 0 710 8
z 481 2 1 585 7
/ 437 2 0 605 8
/ 521 2 0 561 6
z 511 2 1 317 1
/ 412 2 0 724 6
z 414 2 1 269 7
z 461 2 1 237 7
/ 429 2 0 275 8
z 506 2 1 208 1
z 812 2 1 424 3
z 472 2 1 743 9
/ 490 2 0 602 2
z 526 2 1 726 1
z 422 2 1 559 7
/ 443 2 0 478 4
z 450 2 1 328 9
z 433 2 1 735 3
z 478 2 1 384 1
z 409 2 1 657 9
z 398 2 1 723 3
z 445 2 1 390 3
z 446 2 1 320 1
z 445 2 1 334 9
z 399 2 1 233 7
/ 585 2 0 781 4
z 492 2 1 556 3
z 447 2 1 568 3
z 383 2 1 707 3
/ 642 2 0 238 8
z 784 2 1 720 3
z 855 2 1 240 9
z 794 2 1 580 3
z 750 2 1 542 1
z 598 2 1 485 7
z 758 2 1 692 3
/ 623 2 0 279 4
z 461 2 1 651 7
/ 330 2 0 731 2
/ 406 2 0 340 4
z 525 2 1 677 3
/ 302 2 0 215 2
/ 742 2 0 483 8
z 518 2 1 471 9
z 927 2 1 254 7
/ 485 2 0 334 8
/ 498 2 0 352 8
/ 366 2 0 416 8
/ 332 2 0 358 2
z 473 2 1 471 3
z 404 2 1 606 3
z 384 2 1 621 3
z 400 2 1 701 7
z 488 2 1 637 1
/ 521 2 0 633 6
z 502 2 1 406 7
/ 388 2 0 793 2
/ 415 2 0 752 2
z 550 2 1 467 7
z 459 2 1 431 1
z 319 2 1 237 1
/ 545 2 0 398 8
z 423 2 1 726 1
/ 630 2 0 708 6
z 365 2 1 374 9
z 387 2 1 727 9
/ 547 2 0 515 8
z 484 2 1 315 1
z 571 2 1 426 9
z 386 2 0 665 4
/ 512 2 0 256 8
z 566 2 1 246 9
z 1099 2 1 599 7
/ 370 2 0 535 4
/ 487 2 1 337 9
z 584 2 1 315 3
z 393 2 1 236 7
/ 418 2 0 595 2
z 479 2 1 208 9
z 615 2 1 358 7
/ 517 2 0 402 8
z 536 2 1 402 3
/ 486 2 0 282 6
z 562 2 1 667 3
/ 364 2 0 552 8
/ 302 2 0 451 8
z 402 2 1 422 3
/ 433 2 1 383 1
/ 478 2 0 299 6
/ 775 2 0 506 8
/ 430 2 0 636 8
z 521 2 1 390 7
z 549 2 1 700 1
/ 396 2 0 658 8
/ 311 2 0 602 8
z 408 2 1 329 1
/ 484 2 0 591 8
/ 419 2 0 516 4
/ 411 2 0 448 4
z 802 2 1 456 7
/ 783 2 0 783 8
/ 343 2 0 694 4
/ 327 2 0 592 4
/ 347 2 0 474 4
z 455 2 1 704 3
z 339 2 1 301 3
z 451 2 1 231 1
z 486 2 1 229 9
/ 520 2 0 320 6
/ 599 2 0 767 4
/ 381 2 0 354 4
z 416 2 1 231 7
z 686 2 1 653 9
z 455 2 1 373 9
z 474 2 1 563 1
/ 411 2 0 319 6
/ 473 2 0 252 8
/ 727 2 0 677 4
/ 375 2 0 436 8
z 564 2 1 594 3
z 462 2 1 588 3
z 468 2 1 607 9
/ 553 2 0 538 4
z 495 2 1 691 9
/ 522 2 0 366 8
z 530 2 1 654 9
/ 465 2 0 797 2
z 519 2 1 448 3
/ 533 2 0 388 2
/ 518 2 0 217 2
/ 449 2 0 389 2
z 520 2 1 421 9
/ 466 2 0 280 6
z 544 2 1 515 1
z 949 2 1 663 9
/ 421 2 0 489 4
z 502 2 1 454 3
/ 472 2 0 416 2
z 751 2 1 488 7
/ 533 2 0 771 6
/ 469 2 0 691 8
z 579 2 1 792 9
/ 565 2 0 362 6
/ 460 2 0 571 4
z 481 2 1 305 1
z 486 2 1 271 9
z 512 2 1 456 3
/ 535 2 0 748 6
z 523 2 1 577 3
/ 405 2 1 530 3
/ 374 2 0 203 6
z 596 2 1 262 9
z 522 2 1 562 9
/ 431 2 0 523 2
/ 579 2 0 344 8
z 509 2 1 256 7
z 568 2 1 231 9
/ 521 2 0 572 4
z 458 2 1 507 9
z 401 2 1 757 9
/ 413 2 0 372 2
z 680 2 1 608 9
/ 432 2 0 267 6
/ 450 2 0 416 6
z 490 2 1 511 9
/ 417 2 0 295 2
/ 486 2 0 758 6
/ 348 2 0 565 4
z 486 2 1 613 9
z 681 2 1 365 3
/ 562 2 0 632 8
/ 410 2 0 387 6
z 466 2 1 604 1
/ 524 2 0 741 8
z 613 2 1 571 7
z 525 2 1 475 3
/ 457 2 0 389 6
/ 415 2 0 745 4
/ 395 2 0 422 2
/ 412 2 1 316 3
z 463 2 1 342 9
z 711 2 1 250 9
z 500 2 1 657 1
/ 513 2 0 765 8
z 529 2 1 776 9
/ 488 2 0 710 8
/ 353 2 0 540 4
/ 389 2 0 499 6
z 503 2 1 605 7
/ 376 2 0 302 2
/ 491 2 0 299 6
z 506 2 1 477 9
z 443 2 1 209 9
z 469 2 1 623 7
/ 433 2 0 295 2
/ 466 2 0 341 8
/ 337 2 0 610 2
z 506 2 1 690 7
/ 456 2 0 298 6
z 619 2 1 742 3
/ 460 2 0 728 6
z 523 2 1 761 9
z 493 2 1 297 3
/ 445 2 0 604 8
/ 491 2 0 268 6
/ 514 2 0 302 4
/ 415 2 0 209 4
/ 384 2 0 240 4
/ 427 2 0 766 6
/ 372 2 0 735 8
/ 339 2 0 715 6
/ 339 2 1 503 1
z 535 2 1 467 7
z 537 2 1 729 1
/ 411 2 0 309 2
z 450 2 1 789 1
z 401 2 1 280 9
z 377 2 1 578 1
/ 405 2 0 630 8
z 466 2 1 375 9
/ 398 2 1 613 3
/ 332 2 0 628 6
z 442 2 1 465 1
/ 409 2 0 577 2
/ 359 2 0 407 4
/ 300 2 0 386 4
z 445 2 1 273 3
z 498 2 1 588 1
z 476 2 1 795 1
z 302 2 0 546 6
/ 570 2 0 729 6
/ 314 2 0 295 8
z 447 2 1 761 9
/ 428 2 0 339 2
z 462 2 1 207 3
/ 450 2 0 702 4
z 485 2 1 450 1
z 469 2 1 280 9
/ 410 2 0 774 8
z 404 2 1 740 7
/ 325 2 1 674 1
/ 467 2 0 677 6
z 488 2 1 694 9
z 367 2 0 487 4
z 501 2 1 500 1
z 467 2 1 579 1
/ 504 2 0 326 8
z 475 2 1 468 9
/ 427 2 0 751 8
/ 363 2 0 283 6
/ 340 2 0 683 4
/ 339 2 0 220 6
/ 424 2 0 570 6
/ 387 2 0 526 4
/ 273 2 0 293 2
/ 528 2 0 376 6
/ 350 2 1 565 1
/ 461 2 0 233 6
/ 504 2 0 307 2
/ 640 2 0 620 4
/ 357 2 0 578 4
z 504 2 1 623 9
/ 484 2 0 783 8
z 374 2 1 386 7
z 531 2 1 211 3
/ 498 2 0 503 4
z 382 2 1 641 7
z 476 2 1 540 3
z 646 2 1 485 9
z 349 2 1 436 3
/ 471 2 0 401 4
z 526 2 1 448 1
/ 596 2 0 550 6
/ 575 2 0 304 4
z 559 2 1 375 1
/ 523 2 0 769 4
z 462 2 1 447 7
z 576 2 1 692 1
z 529 2 1 649 1
z 513 2 1 676 7
/ 413 2 0 491 2
z 498 2 1 468 1
z 505 2 1 441 3
/ 498 2 0 242 6
z 654 2 1 620 3
/ 489 2 0 471 8
z 592 2 1 317 3
/ 643 2 0 726 4
/ 547 2 0 212 6
z 537 2 1 465 3
/ 456 2 0 723 2
z 560 2 1 514 9
/ 446 2 0 484 2
/ 495 2 0 437 6
/ 408 2 0 801 6
z 525 2 1 478 1
z 609 2 1 574 9
z 710 2 1 645 7
/ 502 2 0 721 4
