/ 452 2 0 702 4
/ 575 2 0 769 6
/ 476 2 0 600 2
/ 394 2 0 647 6
z 409 2 1 481 7
/ 480 2 0 572 4
z 507 2 1 594 3
z 286 2 0 466 2
/ 404 2 0 362 6
/ 384 2 0 439 6
z 391 2 1 594 3
z 431 2 1 691 3
z 325 2 1 458 1
/ 403 2 0 209 4
/ 326 2 0 205 4
/ 353 2 0 710 8
z 305 2 1 775 7
z 385 2 1 631 3
z 489 2 1 521 1
/ 462 2 0 304 4
/ 336 2 0 503 4
/ 325 2 1 643 1
z 413 2 1 383 1
/ 371 2 1 676 7
z 413 2 1 387 1
z 358 2 0 673 8
/ 499 2 0 685 6
z 403 2 0 664 2
/ 381 2 0 233 2
/ 379 2 0 653 2
/ 498 2 0 515 8
/ 404 2 0 307 2
/ 438 2 0 781 4
z 403 2 1 233 7
/ 500 2 0 242 8
z 389 2 1 439 3
z 483 2 0 474 8
z 519 2 1 597 1
z 531 2 1 751 7
z 859 2 1 454 3
z 417 2 1 762 3
z 347 2 1 315 3
z 377 2 0 353 8
z 412 2 1 495 3
/ 374 2 0 227 6
/ 393 2 0 764 4
z 377 2 1 772 7
/ 450 2 0 214 6
z 406 2 1 257 1
/ 527 2 0 439 6
/ 471 2 0 220 2
z 461 2 1 340 3
z 434 2 1 311 9
z 370 2 1 230 9
/ 462 2 0 667 6
/ 475 2 0 746 2
/ 447 2 0 330 6
/ 383 2 0 220 6
z 558 2 1 208 1
/ 433 2 0 738 2
z 476 2 1 553 3
z 442 2 1 456 7
/ 394 2 0 694 4
/ 347 2 0 380 4
/ 489 2 0 425 2
/ 423 2 0 693 8
z 440 2 1 540 3
z 309 2 1 390 3
z 343 2 1 251 3
/ 515 2 0 604 8
z 483 2 1 603 7
z 307 2 1 685 7
z 277 2 1 585 7
z 408 2 1 765 9
/ 406 2 0 683 4
/ 312 2 0 211 4
/ 426 2 0 718 2
/ 339 2 0 772 4
/ 357 2 0 446 2
z 433 2 1 466 3
z 331 2 1 280 9
z 319 2 0 367 2
/ 367 2 0 209 4
/ 400 2 0 506 8
z 447 2 1 653 3
z 415 2 1 274 9
/ 501 2 0 320 6
z 519 2 1 365 3
/ 338 2 0 752 2
/ 431 2 0 340 4
z 435 2 1 712 9
z 428 2 0 484 8
z 436 2 0 662 4
/ 557 2 0 295 8
z 490 2 1 695 9
/ 352 2 0 558 2
z 425 2 1 376 7
/ 345 2 0 346 6
z 504 2 1 657 9
/ 419 2 0 236 8
z 496 2 1 621 3
/ 519 2 1 207 3
z 509 2 1 645 7
z 419 2 1 691 9
/ 398 2 0 769 4
/ 654 2 0 409 8
z 490 2 1 387 9
/ 492 2 1 784 1
z 389 2 1 559 9
z 404 2 1 227 1
/ 496 2 0 275 8
z 449 2 1 389 1
/ 397 2 0 747 4
/ 427 2 0 316 2
z 460 2 1 349 7
z 562 2 1 441 3
z 325 2 1 567 7
z 376 2 0 768 6
/ 424 2 0 282 6
/ 423 2 0 721 2
/ 420 2 0 259 6
/ 486 2 0 775 2
z 334 2 0 776 8
z 469 2 1 245 9
/ 425 2 0 268 2
z 643 2 1 777 1
z 468 2 1 415 7
/ 423 2 0 323 4
/ 1025 2 0 735 8
z 427 2 1 447 7
z 517 2 1 231 9
/ 482 2 0 448 4
/ 473 2 0 749 2
z 539 2 1 549 1
/ 654 2 0 313 8
z 430 2 1 600 7
/ 583 2 0 520 2
z 435 2 1 698 9
z 526 2 1 623 7
z 497 2 1 338 9
z 687 2 1 204 3
/ 596 2 0 647 8
z 400 2 1 488 7
/ 556 2 0 391 8
/ 391 2 0 416 2
z 412 2 1 475 3
z 372 2 1 464 1
z 353 2 1 471 3
z 326 2 0 489 4
/ 481 2 0 465 6
z 364 2 1 360 9
/ 645 2 0 641 4
/ 387 2 0 754 4
/ 408 2 0 641 2
/ 312 2 1 305 1
/ 492 2 0 691 8
z 598 2 1 610 1
/ 593 2 0 765 8
z 479 2 1 599 7
/ 437 2 0 593 4
z 528 2 1 420 3
z 998 2 1 663 7
/ 582 2 0 491 2
/ 412 2 0 203 6
/ 444 2 0 542 2
/ 470 2 0 429 2
/ 346 2 0 735 2
/ 417 2 0 387 6
/ 387 2 0 584 2
z 421 2 1 588 3
/ 656 2 0 405 2
z 619 2 1 453 3
z 488 2 0 401 4
/ 581 2 1 557 1
z 572 2 1 385 9
/ 410 2 0 317 4
/ 449 2 0 767 4
z 373 2 1 794 1
z 377 2 1 472 7
/ 457 2 0 565 4
z 366 2 1 695 7
/ 550 2 0 570 6
z 435 2 0 751 8
z 514 2 1 516 1
z 347 2 1 426 9
z 331 2 1 661 9
z 511 2 1 741 1
z 339 2 1 442 7
/ 468 2 0 523 2
/ 743 2 0 508 6
z 434 2 1 585 3
/ 483 2 0 293 2
z 523 2 1 587 1
z 420 2 1 778 7
/ 549 2 0 701 8
/ 428 2 0 294 6
z 478 2 1 536 9
z 439 2 1 492 7
/ 450 2 0 669 4
z 452 2 1 789 1
z 456 2 1 237 7
/ 443 2 0 597 2
z 342 2 1 467 7
z 400 2 1 448 1
z 380 2 1 334 9
z 390 2 1 414 9
/ 528 2 0 298 8
/ 476 2 0 356 6
z 524 2 1 705 1
z 634 2 1 534 3
z 533 2 1 694 1
z 374 2 1 362 1
/ 537 2 0 334 8
z 472 2 1 513 9
/ 586 2 0 209 2
z 577 2 1 538 7
z 562 2 1 471 9
/ 557 2 0 774 6
/ 460 2 0 268 6
/ 631 2 0 214 2
/ 457 2 0 761 2
/ 483 2 0 205 6
z 725 2 1 273 3
/ 558 2 0 537 4
z 497 2 1 427 3
z 394 2 1 437 7
z 340 2 1 479 7
/ 412 2 0 583 8
/ 422 2 0 550 6
z 453 2 1 606 3
z 379 2 0 779 8
/ 425 2 0 793 2
/ 419 2 1 795 1
/ 521 2 1 472 9
z 590 2 1 384 1
z 381 2 1 481 1
/ 523 2 0 279 4
/ 433 2 0 351 2
z 444 2 1 734 9
z 335 2 1 515 1
z 385 2 0 636 6
/ 679 2 0 422 2
z 519 2 1 523 7
/ 1214 2 0 569 6
z 638 2 1 792 9
z 504 2 1 229 9
z 639 2 1 342 3
/ 663 2 0 372 2
z 528 2 1 712 9
z 397 2 1 374 9
z 737 2 1 617 3
z 537 2 1 717 1
z 349 2 1 632 3
/ 636 2 0 328 6
z 571 2 1 437 9
z 472 2 1 280 9
z 504 2 1 709 1
/ 474 2 0 731 2
/ 388 2 0 510 4
z 505 2 1 568 3
z 354 2 1 631 3
z 362 2 1 426 7
/ 517 2 0 224 8
z 405 2 1 210 1
/ 505 2 0 591 8
/ 443 2 0 510 8
/ 339 2 0 352 8
z 485 2 1 575 9
z 472 2 1 746 7
/ 381 2 0 592 6
/ 569 2 0 426 8
z 464 2 1 317 1
/ 490 2 0 788 8
z 467 2 1 562 7
z 370 2 1 610 1
/ 457 2 0 475 4
z 446 2 1 437 3
/ 463 2 0 491 4
z 325 2 1 704 1
z 373 2 1 240 1
z 471 2 1 775 7
/ 500 2 0 630 8
z 635 2 1 761 1
/ 474 2 0 585 2
z 439 2 1 230 3
z 658 2 1 609 7
z 584 2 1 468 1
/ 450 2 0 584 6
z 476 2 1 638 3
z 450 2 1 622 7
z 446 2 1 543 3
/ 460 2 0 558 6
z 340 2 1 320 1
z 444 2 1 693 9
z 376 2 0 715 6
/ 519 2 0 656 4
/ 465 2 0 401 6
/ 520 2 0 783 8
/ 378 2 0 543 2
z 408 2 1 577 7
z 520 2 1 640 3
/ 469 2 0 526 8
/ 445 2 1 421 9
z 470 2 1 716 7
/ 530 2 0 783 8
/ 430 2 0 318 4
z 883 2 1 500 9
/ 645 2 0 414 8
/ 717 2 0 240 4
/ 390 2 0 591 8
z 579 2 1 533 7
/ 502 2 0 295 8
z 812 2 1 210 1
/ 825 2 0 202 4
z 456 2 1 461 1
z 628 2 1 704 3
z 384 2 1 210 7
z 1744 2 1 543 9
z 386 2 1 613 9
z 423 2 1 723 7
/ 501 2 0 329 2
z 549 2 1 326 1
/ 535 2 0 280 6
z 402 2 1 692 1
z 303 2 1 503 1
/ 427 2 0 252 8
/ 407 2 0 733 8
/ 356 2 0 340 4
z 498 2 1 713 1
z 520 2 1 544 7
z 324 2 1 406 1
z 505 2 1 707 3
z 519 2 1 499 1
z 859 2 1 573 7
/ 411 2 0 630 2
/ 353 2 0 319 6
/ 467 2 1 663 9
/ 508 2 0 499 6
/ 423 2 0 474 4
z 457 2 1 207 3
z 371 2 1 600 3
z 428 2 1 251 7
/ 670 2 0 387 6
z 690 2 1 542 1
z 453 2 1 250 9
z 359 2 1 654 9
z 332 2 1 450 1
z 378 2 1 678 1
z 402 2 1 301 9
z 370 2 1 637 1
z 462 2 1 303 9
/ 492 2 0 338 2
z 377 2 1 468 1
z 444 2 1 530 3
/ 540 2 0 516 4
z 416 2 1 390 7
/ 479 2 0 637 8
/ 648 2 0 688 2
z 380 2 1 671 9
/ 439 2 0 670 8
z 481 2 0 429 6
z 461 2 1 467 9
/ 517 2 0 509 2
z 463 2 1 448 3
z 525 2 1 550 9
/ 402 2 0 329 2
/ 435 2 0 295 2
/ 356 2 0 354 2
/ 494 2 0 595 8
z 513 2 1 294 3
/ 556 2 0 758 6
/ 455 2 0 429 8
/ 366 2 0 498 8
z 383 2 1 588 1
z 366 2 1 321 9
z 404 2 0 491 8
/ 522 2 0 461 8
z 355 2 1 424 3
/ 498 2 0 638 8
/ 345 2 0 706 8
z 383 2 1 704 1
z 469 2 1 402 7
z 331 2 1 791 7
z 339 2 1 637 1
z 315 2 1 510 1
z 348 2 1 218 7
/ 380 2 0 269 2
z 370 2 1 258 9
z 393 2 1 413 7
z 321 2 1 420 7
z 419 2 1 455 1
z 319 2 1 503 7
z 315 2 1 329 1
z 351 2 1 720 3
z 630 2 1 585 1
z 544 2 1 771 9
/ 443 2 0 335 6
z 399 2 1 715 3
z 374 2 1 618 1
z 357 2 1 423 1
/ 437 2 0 472 8
z 408 2 1 340 3
z 676 2 1 562 9
/ 423 2 0 592 4
z 341 2 0 722 8
/ 629 2 0 257 8
z 518 2 1 406 1
z 474 2 1 778 7
z 362 2 1 511 9
z 373 2 1 316 3
/ 616 2 0 389 4
z 519 2 1 243 9
/ 574 2 0 388 2
z 346 2 1 210 9
z 378 2 1 623 1
z 373 2 1 328 9
/ 449 2 0 503 2
/ 419 2 0 202 2
z 351 2 1 448 7
z 371 2 1 217 1
/ 557 2 0 407 6
z 366 2 1 801 9
z 444 2 1 735 3
z 457 2 1 642 3
/ 499 2 0 298 6
/ 374 2 0 374 6
z 371 2 1 409 3
/ 378 2 0 658 4
z 377 2 1 329 9
/ 541 2 0 209 8
z 388 2 1 559 7
/ 582 2 0 247 6
z 423 2 1 413 3
z 623 2 1 483 1
/ 605 2 0 782 6
/ 460 2 0 257 8
z 392 2 1 726 1
/ 395 2 0 609 6
/ 417 2 0 729 6
z 463 2 1 620 3
/ 457 2 0 425 8
/ 443 2 0 770 2
/ 422 2 0 481 2
z 473 2 1 244 7
z 343 2 1 635 7
z 402 2 1 485 9
z 334 2 0 561 6
/ 527 2 0 389 8
z 355 2 1 729 1
/ 401 2 0 243 2
/ 312 2 0 584 2
/ 401 2 0 677 4
z 383 2 1 323 1
z 360 2 1 303 3
z 349 2 1 358 7
/ 483 2 0 745 4
/ 443 2 0 622 6
/ 466 2 0 291 2
/ 484 2 0 219 6
z 506 2 1 607 9
z 837 2 1 571 7
/ 445 2 0 744 4
/ 437 2 0 782 2
z 483 2 1 364 1
z 383 2 1 231 1
z 359 2 0 359 8
/ 405 2 0 447 8
z 453 2 1 317 9
/ 429 2 0 209 4
z 408 2 1 385 7
z 412 2 0 665 4
/ 506 2 0 759 6
z 380 2 1 605 7
z 358 2 1 699 7
/ 389 2 0 801 6
z 391 2 1 480 7
z 492 2 1 360 3
z 353 2 1 354 3
/ 496 2 0 634 6
/ 466 2 0 523 6
/ 365 2 0 395 4
/ 381 2 0 362 6
/ 444 2 1 274 3
/ 511 2 0 437 6
/ 432 2 0 698 2
/ 693 2 0 217 6
z 474 2 1 488 3
/ 518 2 0 302 2
z 400 2 1 668 9
z 358 2 1 359 9
z 572 2 0 385 8
/ 485 2 0 683 4
/ 376 2 0 746 4
z 491 2 1 742 3
/ 672 2 0 471 8
z 408 2 1 710 9
z 370 2 0 677 6
z 516 2 1 271 9
z 387 2 1 776 9
/ 427 2 0 257 6
/ 341 2 0 234 6
z 427 2 1 691 9
/ 417 2 1 422 3
/ 333 2 0 663 4
z 395 2 1 553 7
z 502 2 1 574 9
/ 412 2 0 539 4
z 331 2 1 292 1
z 391 2 1 222 3
z 407 2 1 700 1
/ 506 2 0 552 8
/ 372 2 0 714 8
z 376 2 1 576 3
z 358 2 1 723 3
/ 441 2 0 358 8
z 418 2 1 559 7
/ 489 2 0 336 4
/ 449 2 0 389 6
/ 431 2 0 520 2
z 475 2 1 608 9
z 314 2 1 375 9
z 577 2 1 591 3
z 319 2 1 402 3
/ 448 2 1 623 9
/ 402 2 0 440 2
z 524 2 1 462 7
/ 471 2 0 514 2
/ 408 2 0 228 8
/ 341 2 0 205 6
z 549 2 1 704 7
/ 428 2 0 741 8
/ 356 2 0 233 6
/ 338 2 0 575 6
/ 338 2 0 212 6
/ 354 2 0 606 6
/ 345 2 0 586 8
z 572 2 1 224 3
/ 417 2 0 271 2
/ 410 2 1 723 3
/ 417 2 0 402 8
/ 446 2 0 201 8
/ 481 2 0 297 2
z 532 2 1 623 9
z 434 2 1 379 3
z 325 2 1 373 9
/ 384 2 0 629 6
z 417 2 1 583 9
/ 454 2 1 283 1
/ 338 2 1 468 9
z 415 2 1 329 1
/ 408 2 0 451 8
/ 608 2 0 724 6
z 450 2 1 577 3
z 439 2 1 701 7
/ 619 2 0 632 8
/ 447 2 0 731 8
z 460 2 1 787 9
z 397 2 1 380 1
/ 531 2 0 332 4
z 410 2 1 574 1
/ 820 2 0 416 6
/ 476 2 0 677 4
z 548 2 1 770 9
z 360 2 0 400 4
z 386 2 0 317 4
z 783 2 1 525 9
/ 503 2 0 310 2
/ 310 2 0 205 4
/ 406 2 0 429 2
/ 359 2 0 713 2
z 354 2 1 605 9
/ 349 2 0 451 4
z 377 2 1 546 1
/ 416 2 0 797 2
z 447 2 1 514 9
/ 304 2 0 441 4
/ 544 2 0 636 8
/ 380 2 0 766 2
/ 386 2 0 620 4
z 397 2 1 683 7
/ 406 2 1 761 9
z 539 2 1 325 1
z 378 2 1 428 1
z 484 2 1 782 9
z 724 2 1 746 3
z 947 2 1 424 9
/ 427 2 0 432 2
z 552 2 1 431 1
z 420 2 1 761 9
z 350 2 1 580 3
/ 687 2 0 291 2
z 663 2 1 793 9
/ 527 2 0 764 8
/ 440 2 0 376 6
z 401 2 1 422 3
z 321 2 1 641 3
z 314 2 1 760 3
/ 382 2 0 719 8
/ 464 2 0 463 2
/ 398 2 0 546 6
/ 336 2 0 788 2
/ 365 2 1 301 7
z 539 2 1 353 7
z 486 2 1 429 1
z 380 2 1 365 7
z 550 2 0 338 6
z 819 2 1 674 1
/ 416 2 0 624 6
z 465 2 1 564 9
z 578 2 1 558 3
z 377 2 0 540 2
z 434 2 1 386 7
z 411 2 1 460 7
/ 390 2 0 353 8
z 371 2 1 778 7
z 540 2 1 459 3
z 473 2 1 649 1
/ 481 2 0 557 8
/ 461 2 0 704 6
/ 365 2 0 710 8
/ 369 2 0 504 4
/ 305 2 0 392 4
/ 382 2 0 436 8
/ 280 2 0 326 8
/ 348 2 0 577 2
/ 522 2 0 689 6
/ 326 2 0 598 8
/ 427 2 0 283 2
/ 356 2 0 595 2
/ 348 2 0 571 4
/ 549 2 0 281 8
z 506 2 1 349 7
z 470 2 1 476 3
/ 510 2 0 256 8
/ 384 2 0 691 6
z 480 2 1 526 7
/ 417 2 0 723 8
z 449 2 1 662 1
z 397 2 1 657 1
/ 423 2 0 592 6
/ 402 2 0 701 2
/ 273 2 1 684 9
/ 364 2 0 658 8
z 659 2 1 684 3
z 612 2 1 240 9
z 505 2 1 454 7
z 340 2 1 514 9
z 303 2 1 507 9
/ 435 2 0 754 4
/ 367 2 1 304 9
/ 681 2 0 722 2
z 544 2 1 344 3
/ 497 2 0 242 6
/ 442 2 0 605 2
z 556 2 1 519 1
z 296 2 1 551 1
/ 411 2 0 488 4
z 443 2 1 474 3
z 375 2 1 337 1
/ 448 2 0 659 2
/ 376 2 1 246 9
/ 384 2 1 613 3
/ 444 2 0 540 4
z 456 2 1 530 7
z 394 2 1 558 7
/ 346 2 0 408 8
/ 524 2 0 272 4
z 460 2 1 768 7
z 372 2 1 429 1
z 326 2 1 627 1
z 319 2 1 775 1
/ 408 2 0 748 6
/ 415 2 0 691 8
/ 367 2 0 470 4
/ 368 2 0 358 2
z 482 2 1 283 3
/ 451 2 0 723 2
/ 337 2 0 339 2
z 467 2 1 405 3
z 663 2 1 541 9
/ 634 2 0 636 2
/ 337 2 0 370 4
/ 385 2 0 400 2
z 441 2 1 726 1
z 423 2 1 622 7
z 407 2 1 478 1
/ 465 2 0 316 2
/ 418 2 0 607 4
z 398 2 1 740 7
/ 442 2 0 736 4
/ 322 2 0 313 6
z 372 2 1 601 9
/ 751 2 0 250 2
z 474 2 1 722 9
z 524 2 1 611 1
z 408 2 1 574 7
/ 483 2 0 791 4
z 352 2 1 270 7
z 382 2 0 388 6
/ 491 2 0 796 4
/ 366 2 0 592 2
z 500 2 1 620 1
z 416 2 1 760 1
z 320 2 0 303 4
/ 395 2 1 688 7
/ 483 2 0 767 6
/ 384 2 0 682 8
/ 342 2 0 494 8
z 677 2 1 610 1
/ 417 2 0 264 4
z 478 2 1 423 1
/ 490 2 0 776 6
/ 416 2 0 634 2
z 475 2 1 753 3
z 411 2 1 495 3
z 397 2 1 248 3
/ 498 2 0 693 4
z 471 2 1 373 7
/ 487 2 0 318 8
/ 395 2 0 423 8
/ 615 2 0 674 6
/ 384 2 0 265 4
z 479 2 1 293 3
/ 440 2 1 529 1
/ 435 2 0 646 8
/ 360 2 0 571 6
z 464 2 1 254 7
z 720 2 1 621 3
/ 429 2 0 662 8
z 377 2 1 268 7
z 469 2 1 401 1
z 386 2 1 568 7
/ 511 2 0 664 2
/ 453 2 0 333 6
/ 424 2 0 399 6
/ 546 2 0 502 2
z 604 2 1 597 9
z 419 2 1 526 1
z 366 2 1 262 9
/ 517 2 0 416 8
z 470 2 1 634 7
z 383 2 1 651 7
/ 689 2 0 302 4
/ 387 2 0 675 2
z 361 2 1 566 7
/ 710 2 0 364 2
z 516 2 1 579 1
/ 447 2 0 217 2
/ 508 2 0 728 6
z 557 2 1 393 1
z 631 2 1 505 7
/ 499 2 0 439 8
/ 524 2 1 211 9
/ 418 2 0 775 6
z 419 2 1 285 7
z 377 2 1 495 7
/ 574 2 0 489 6
z 495 2 1 446 7
/ 476 2 0 586 4
z 474 2 1 757 9
/ 447 2 0 483 8
z 387 2 1 678 1
/ 549 2 0 295 2
z 468 2 1 372 1
/ 455 2 0 602 8
/ 395 2 0 736 2
/ 374 2 0 598 4
/ 554 2 0 719 2
/ 369 2 0 274 2
/ 513 2 0 299 6
z 499 2 1 383 9
z 486 2 1 209 9
/ 422 2 0 612 4
/ 395 2 0 757 6
z 405 2 1 694 9
/ 395 2 0 478 4
/ 423 2 0 755 6
z 460 2 1 301 3
/ 442 2 0 703 4
/ 355 2 0 602 4
/ 352 2 0 516 4
/ 303 2 0 507 4
/ 424 2 0 215 2
/ 340 2 0 578 4
z 375 2 1 417 7
/ 368 2 0 610 2
z 395 2 1 370 7
z 414 2 1 541 7
z 568 2 1 320 3
/ 446 2 1 622 9
z 572 2 1 500 1
/ 463 2 0 299 6
z 396 2 1 436 3
z 414 2 1 472 1
/ 503 2 0 766 6
/ 554 2 0 337 8
/ 418 2 0 251 4
/ 330 2 0 513 2
z 367 2 1 314 7
z 336 2 1 559 7
z 654 2 1 476 9
/ 372 2 0 584 8
z 549 2 1 565 1
z 441 2 0 596 2
/ 452 2 0 413 6
/ 311 2 0 595 8
z 383 2 1 692 3
z 430 2 1 297 3
/ 522 2 0 267 6
/ 479 2 0 503 4
z 480 2 1 538 9
z 446 2 1 465 1
/ 438 2 0 367 2
/ 473 2 0 276 6
z 438 2 1 306 7
z 483 2 1 374 9
/ 476 2 0 726 4
z 373 2 1 738 9
/ 416 2 0 790 6
z 425 2 1 500 7
z 506 2 1 597 9
z 429 2 1 743 9
z 430 2 1 316 3
/ 546 2 0 475 8
z 418 2 1 236 3
/ 417 2 0 310 6
/ 351 2 0 629 8
z 471 2 1 327 9
z 314 2 0 676 2
z 362 2 1 467 7
z 433 2 1 573 3
/ 620 2 0 316 2
/ 406 2 0 774 8
z 398 2 1 305 3
/ 482 2 0 352 6
z 580 2 1 322 7
z 412 2 1 256 7
z 352 2 1 477 9
/ 362 2 0 282 6
/ 411 2 0 538 4
/ 416 2 1 209 1
z 401 2 1 289 7
/ 446 2 0 674 4
z 313 2 1 648 1
z 369 2 0 341 8
/ 507 2 0 741 6
/ 369 2 0 339 6
z 396 2 1 358 7
/ 452 2 0 398 8
z 504 2 1 725 7
/ 321 2 0 299 6
/ 405 2 0 731 8
/ 360 2 0 602 2
/ 322 2 0 538 4
/ 405 2 0 601 6
z 406 2 1 566 3
z 555 2 1 629 9
/ 398 2 0 492 4
/ 377 2 0 484 2
z 375 2 1 766 7
/ 355 2 0 554 4
z 452 2 1 347 9
/ 430 2 0 711 2
z 495 2 1 563 1
/ 505 2 0 453 2
/ 385 2 1 317 3
z 949 2 1 671 1
/ 375 2 0 222 2
z 441 2 1 211 3
/ 448 2 0 681 8
/ 379 2 0 789 2
/ 435 2 0 526 4
/ 413 2 1 677 3
z 379 2 1 582 7
z 331 2 0 389 2
/ 574 2 1 426 9
z 580 2 1 269 7
/ 498 2 0 238 8
/ 372 2 0 279 4
/ 392 2 0 526 4
/ 375 2 0 237 8
z 414 2 1 375 1
/ 422 2 0 554 4
z 544 2 1 477 3
z 382 2 1 580 3
z 415 2 1 604 1
z 319 2 1 236 7
z 403 2 1 471 3
/ 409 2 0 370 4
/ 428 2 0 429 4
/ 439 2 0 406 8
z 456 2 1 485 7
/ 435 2 0 454 2
/ 418 2 0 312 8
/ 359 2 0 436 6
/ 371 2 0 344 8
z 420 2 1 465 3
/ 444 2 0 374 8
z 422 2 1 798 3
/ 481 2 0 381 6
/ 374 2 0 682 4
z 936 2 1 254 9
/ 508 2 1 452 1
z 636 2 1 533 3
z 465 2 1 611 1
z 373 2 1 737 1
/ 458 2 0 240 8
/ 463 2 0 472 4
/ 553 2 0 210 4
z 513 2 1 653 9
/ 645 2 0 281 6
/ 391 2 0 283 6
z 390 2 1 208 9
/ 443 2 0 301 6
z 756 2 0 643 4
z 342 2 1 744 3
/ 469 2 0 368 4
/ 625 2 0 282 2
/ 365 2 0 402 2
z 510 2 1 598 1
/ 469 2 0 601 4
z 518 2 1 509 7
/ 547 2 0 297 6
/ 428 2 0 617 6
/ 324 2 0 771 6
/ 328 2 0 215 8
/ 362 2 0 201 8
/ 595 2 0 385 6
z 548 2 1 654 7
z 383 2 0 571 4
z 370 2 1 231 7
/ 409 2 0 729 4
z 349 2 0 288 6
z 434 2 1 244 7
z 387 2 1 641 7
/ 521 2 0 263 2
/ 471 2 0 620 8
z 377 2 1 617 3
/ 419 2 0 783 8
z 419 2 1 556 3
z 429 2 0 468 4
/ 537 2 0 517 4
z 383 2 1 737 3
z 591 2 1 542 1
/ 536 2 0 354 4
z 702 2 1 474 9
/ 436 2 0 493 8
z 555 2 1 210 9
/ 452 2 1 690 7
z 660 2 1 352 9
/ 401 2 1 791 3
/ 454 2 0 579 8
/ 635 2 0 567 6
/ 365 2 0 386 4
/ 368 2 0 673 4
/ 385 2 0 549 4
z 531 2 1 246 9
z 405 2 1 239 9
/ 652 2 0 299 8
/ 447 2 1 632 9
/ 374 2 0 604 4
z 455 2 1 352 1
z 393 2 1 449 3
/ 580 2 0 796 6
/ 438 2 0 331 6
z 485 2 0 346 2
/ 481 2 0 629 4
z 534 2 1 725 3
z 541 2 1 237 1
/ 446 2 0 661 4
z 920 2 1 456 3
/ 394 2 0 766 2
z 364 2 1 508 3
z 413 2 1 398 7
/ 369 2 0 487 4
z 550 2 1 393 9
z 569 2 1 210 3
z 575 2 1 281 1
z 328 2 1 406 7
z 339 2 1 342 9
z 360 2 0 366 8
z 470 2 1 667 3
z 316 2 0 494 2
/ 439 2 0 446 2
/ 457 2 0 633 6
/ 466 2 0 309 2
/ 425 2 0 721 4
z 495 2 1 761 9
/ 465 2 0 286 4
z 489 2 1 313 3
z 410 2 1 345 3
z 368 2 1 781 3
z 577 2 1 213 1
z 376 2 1 337 9
z 365 2 1 560 9
/ 551 2 0 651 6
/ 366 2 0 708 6
z 434 2 1 364 7
/ 642 2 0 566 2
z 919 2 1 298 7
z 480 2 1 708 3
/ 423 2 0 535 4
/ 460 2 0 396 8
z 402 2 1 801 7
z 342 2 1 537 9
/ 418 2 0 206 8
/ 424 2 0 283 2
z 460 2 1 315 1
/ 432 2 0 407 4
z 424 2 1 626 7
/ 466 2 1 231 3
z 628 2 1 727 9
/ 488 2 0 728 6
/ 487 2 0 784 6
/ 410 2 0 739 4
z 528 2 1 578 1
/ 461 2 0 599 2
z 449 2 1 384 1
/ 580 2 0 280 8
/ 571 2 0 484 4
/ 346 2 0 628 6
/ 294 2 0 530 6
/ 287 2 0 605 8
/ 316 2 0 529 8
