/ 371 2 0 1116 4
/ 211 2 0 1247 8
/ 162 2 0 1258 4
/ 359 2 1 1305 1
/ 244 2 0 883 2
/ 299 2 1 993 9
/ 247 2 0 1306 8
/ 175 2 1 1002 7
/ 254 2 0 1321 4
/ 225 2 0 1115 8
/ 160 2 1 1095 3
/ 254 2 0 1098 8
/ 291 2 1 1177 7
/ 243 2 1 1323 7
/ 25 2 1 1248 1
/ 265 2 1 829 9
/ 241 2 0 1106 8
/ 200 2 1 949 7
/ 239 2 1 1238 3
/ 28 2 1 874 3
/ 283 2 0 1291 8
/ 244 2 0 1269 4
/ 233 2 0 1236 8
/ 280 2 0 938 6
/ 264 2 1 1059 3
/ 257 2 0 1283 4
/ 253 2 0 964 2
/ 289 2 1 1048 1
/ 259 2 0 1335 8
/ 221 2 1 844 7
/ 284 2 0 1170 6
/ 218 2 0 935 6
/ 242 2 1 1277 3
/ 19 2 1 1054 7
/ 281 2 1 1378 7
/ 292 2 1 809 1
/ 263 2 0 1277 6
/ 314 2 1 810 9
/ 316 2 1 1074 3
/ 315 2 1 901 7
/ 266 2 0 1229 8
/ 242 2 0 1171 6
/ 239 2 0 1328 6
/ 295 2 0 970 4
/ 263 2 0 989 8
/ 250 2 0 952 6
/ 216 2 0 1041 4
/ 265 2 0 1103 4
/ 244 2 1 1168 3
/ 149 2 0 910 2
/ 239 2 1 1037 9
/ 259 2 1 987 1
/ 236 2 1 901 9
/ 259 2 0 801 8
/ 266 2 0 1130 6
/ 61 2 1 833 7
/ 346 2 1 1068 1
/ 246 2 0 1310 8
/ 267 2 0 1336 2
/ 284 2 0 817 2
/ 302 2 1 1072 9
/ 235 2 0 946 6
/ 246 2 1 1065 3
/ 252 2 1 959 9
/ 222 2 1 807 3
/ 269 2 0 1276 2
/ 239 2 0 988 2
/ 268 2 0 806 8
/ 250 2 0 1241 2
/ 4 2 1 1337 3
/ 314 2 1 1065 1
/ 292 2 1 1134 3
/ 244 2 1 937 1
/ 254 2 0 1298 2
/ 258 2 1 1026 9
/ 258 2 0 1277 4
/ 270 2 1 925 1
/ 287 2 0 1199 2
/ 118 2 0 916 2
/ 279 2 0 1253 2
/ 259 2 0 815 2
/ 266 2 1 1173 7
/ 212 2 1 1021 9
/ 232 2 0 1308 6
/ 249 2 1 1074 9
/ 241 2 0 953 8
/ 267 2 1 1344 3
/ 234 2 0 999 6
/ 254 2 1 836 7
/ 271 2 1 1013 7
/ 240 2 1 1061 1
/ 235 2 0 820 2
/ 287 2 1 862 9
/ 297 2 1 1271 1
/ 339 2 1 1067 7
/ 301 2 0 1220 8
/ 368 2 1 1095 7
/ 253 2 0 1251 6
/ 171 2 0 867 6
/ 251 2 1 1136 9
/ 233 2 1 1141 7
/ 248 2 0 1366 6
/ 434 2 0 1367 6
/ 292 2 1 1366 7
/ 166 2 0 1207 4
/ 264 2 1 840 9
/ 73 2 1 889 7
/ 453 2 0 809 8
/ 382 2 0 926 8
/ 244 2 0 1210 2
/ 253 2 0 1036 8
/ 332 2 1 1337 1
/ 284 2 1 1317 1
/ 273 2 1 1271 9
/ 266 2 1 1185 1
/ 269 2 1 1138 7
/ 264 2 0 1267 6
/ 258 2 1 979 3
/ 339 2 0 1039 8
/ 258 2 0 1126 8
/ 179 2 1 1293 9
/ 160 2 1 922 7
/ 258 2 0 1051 4
/ 214 2 1 1191 3
/ 222 2 1 1023 1
/ 230 2 0 1186 8
/ 439 2 1 1017 7
/ 268 2 0 1102 2
/ 256 2 0 828 8
/ 344 2 1 1326 1
/ 300 2 1 1133 7
/ 371 2 0 1094 8
/ 255 2 1 953 7
/ 292 2 1 1144 7
/ 245 2 1 1304 3
/ 263 2 0 1301 8
/ 265 2 1 1100 9
/ 239 2 1 1218 1
/ 278 2 1 1142 1
/ 267 2 0 1204 4
/ 280 2 0 1186 4
/ 269 2 0 815 8
/ 357 2 1 1299 7
/ 290 2 0 1282 4
/ 178 2 1 926 1
/ 265 2 0 1335 2
/ 242 2 0 1192 6
/ 231 2 1 927 9
/ 285 2 1 1375 7
/ 224 2 1 1171 7
/ 259 2 0 847 6
/ 304 2 0 891 2
/ 282 2 1 1342 3
/ 235 2 1 1377 1
/ 86 2 0 976 6
/ 275 2 0 1366 2
/ 113 2 1 1325 3
/ 322 2 0 940 4
/ 292 2 0 1339 4
/ 279 2 1 1001 1
/ 305 2 1 817 1
/ 301 2 0 1234 2
/ 249 2 1 1387 9
/ 284 2 1 1141 9
/ 154 2 1 921 9
/ 265 2 1 1166 3
/ 244 2 0 1074 4
/ 252 2 1 1162 7
/ 113 2 1 1370 9
/ 252 2 1 1295 9
/ 83 2 1 975 9
/ 238 2 1 1064 1
/ 293 2 1 881 1
/ 279 2 0 895 8
/ 286 2 1 868 7
/ 238 2 0 1202 8
/ 266 2 0 1389 2
/ 263 2 0 1103 4
/ 359 2 0 1026 8
/ 228 2 1 1398 3
/ 1 2 1 1235 7
/ 263 2 0 1029 8
/ 266 2 1 1108 3
/ 281 2 1 1083 1
/ 205 2 1 810 1
/ 261 2 1 1111 9
/ 310 2 0 1319 8
/ 309 2 0 1293 4
/ 340 2 0 1103 2
/ 423 2 1 1042 7
/ 293 2 1 1206 3
/ 245 2 0 833 6
/ 295 2 0 1081 2
/ 297 2 0 956 6
/ 233 2 1 1278 1
/ 246 2 1 1194 3
/ 257 2 1 1031 1
/ 253 2 1 1341 1
/ 409 2 1 1107 9
/ 294 2 1 1176 3
/ 383 2 0 1099 6
/ 258 2 0 958 8
/ 253 2 0 1113 2
/ 245 2 1 1294 9
/ 272 2 0 1288 2
/ 277 2 1 1201 9
/ 21 2 1 1211 1
/ 268 2 1 1376 9
/ 317 2 0 1065 6
/ 294 2 1 1174 7
/ 287 2 0 1172 4
/ 237 2 0 1259 2
/ 248 2 0 1072 4
/ 246 2 1 1394 1
/ 224 2 0 1371 6
/ 145 2 0 1014 8
/ 274 2 0 843 2
/ 244 2 0 1070 4
/ 80 2 1 964 7
/ 343 2 0 1084 2
/ 405 2 0 1023 8
/ 284 2 0 989 4
/ 255 2 0 1264 2
/ 304 2 0 1184 2
/ 269 2 0 1348 6
/ 322 2 1 964 1
/ 352 2 1 1267 3
/ 237 2 1 854 7
/ 256 2 0 1202 2
/ 260 2 1 1071 3
/ 225 2 0 805 4
/ 272 2 0 1381 4
/ 250 2 0 899 6
/ 293 2 1 1210 1
/ 273 2 1 1175 9
/ 277 2 1 1261 9
/ 253 2 0 879 4
/ 301 2 1 972 1
/ 302 2 0 1029 2
/ 151 2 0 1123 6
/ 291 2 0 1388 8
/ 259 2 1 1068 1
/ 248 2 1 984 1
/ 291 2 1 871 9
/ 258 2 1 809 9
/ 287 2 1 1153 7
/ 259 2 1 1130 7
/ 269 2 0 1258 8
/ 311 2 0 1338 2
/ 197 2 1 1164 9
/ 258 2 1 1313 1
/ 277 2 1 1221 3
/ 232 2 0 1201 6
/ 241 2 0 1005 2
/ 280 2 0 958 2
/ 297 2 1 1159 9
/ 282 2 1 965 7
/ 288 2 0 1108 6
/ 282 2 1 1180 3
/ 229 2 1 1188 3
/ 424 2 0 857 6
/ 324 2 1 854 9
/ 253 2 0 1001 6
/ 294 2 1 1185 7
/ 226 2 1 1080 7
/ 256 2 1 1284 3
/ 251 2 0 1071 8
/ 465 2 1 1392 9
/ 218 2 1 1220 1
/ 233 2 1 1389 1
/ 264 2 0 1232 8
/ 252 2 0 1391 4
/ 238 2 0 863 2
/ 621 2 0 1089 6
/ 300 2 1 1209 7
/ 420 2 0 840 4
/ 278 2 1 1188 1
/ 270 2 1 958 7
/ 277 2 0 1302 4
/ 224 2 1 808 9
/ 310 2 1 1072 1
/ 317 2 0 881 8
/ 405 2 1 892 1
/ 278 2 1 1067 7
/ 260 2 1 1006 1
/ 225 2 1 1382 9
/ 54 2 0 959 8
/ 250 2 1 1053 3
/ 263 2 1 1292 1
/ 277 2 1 880 9
/ 394 2 0 1366 2
/ 296 2 1 848 3
/ 311 2 1 1052 1
/ 265 2 1 1142 1
/ 268 2 1 1126 7
/ 410 2 0 1393 2
/ 321 2 1 1109 7
/ 313 2 0 1007 6
/ 437 2 0 919 6
/ 273 2 0 1138 4
/ 283 2 0 1016 6
/ 237 2 0 872 4
/ 280 2 1 1085 7
/ 273 2 1 1222 7
/ 250 2 1 1095 3
/ 273 2 0 1152 8
/ 257 2 0 995 4
/ 321 2 1 1322 9
/ 276 2 1 1002 3
/ 344 2 1 1223 1
/ 251 2 0 987 6
/ 256 2 0 1008 8
/ 266 2 0 936 4
/ 380 2 1 1116 1
/ 263 2 0 1032 2
/ 283 2 1 1362 3
/ 7 2 0 937 8
/ 284 2 1 1006 1
/ 393 2 0 1002 2
/ 251 2 0 1230 2
/ 296 2 1 1204 1
/ 215 2 1 1315 3
/ 245 2 0 1047 8
/ 269 2 1 989 1
/ 275 2 1 1291 9
/ 256 2 1 1068 9
/ 206 2 1 1291 3
/ 288 2 1 901 3
/ 316 2 0 1212 4
/ 242 2 0 805 6
/ 461 2 1 920 1
/ 296 2 1 1245 7
/ 261 2 0 985 6
/ 269 2 1 947 9
/ 169 2 0 1274 4
/ 550 2 1 831 9
/ 924 2 1 1028 1
/ 613 2 1 983 1
/ 304 2 0 1140 2
/ 323 2 1 1237 1
/ 237 2 0 1241 4
/ 265 2 1 1360 1
/ 292 2 0 1066 2
/ 262 2 1 851 3
/ 1271 2 1 1263 7
/ 305 2 1 1232 9
/ 484 2 0 1384 6
/ 247 2 1 845 9
/ 243 2 0 1116 4
/ 263 2 0 1311 2
/ 237 2 1 1114 9
/ 266 2 0 1087 4
/ 283 2 0 1224 6
/ 20 2 0 1192 6
/ 427 2 0 1029 4
/ 267 2 0 1374 6
/ 269 2 0 1198 4
/ 267 2 1 1143 3
/ 271 2 0 1177 2
/ 388 2 1 1072 7
/ 162 2 1 1022 3
/ 276 2 0 868 6
/ 250 2 1 1210 1
/ 345 2 1 1157 1
/ 284 2 1 831 7
/ 289 2 1 1174 1
/ 269 2 1 1372 7
/ 247 2 1 1039 3
/ 310 2 0 1262 4
/ 274 2 1 1323 3
/ 144 2 0 1126 4
/ 319 2 1 917 9
/ 359 2 1 897 3
/ 338 2 0 1229 4
/ 254 2 1 1071 3
/ 332 2 1 993 1
/ 313 2 1 1229 9
/ 351 2 1 1159 7
/ 346 2 0 1149 4
/ 304 2 1 1088 7
/ 544 2 1 1298 9
/ 95 2 1 960 9
/ 529 2 1 1257 1
/ 269 2 0 1376 8
/ 263 2 1 1024 9
/ 450 2 0 1104 4
/ 342 2 1 1056 3
/ 438 2 0 838 8
/ 990 2 0 1372 4
/ 1238 2 0 986 4
/ 344 2 0 1270 8
/ 390 2 0 1331 8
/ 7 2 1 1081 1
/ 269 2 0 1088 4
/ 249 2 0 1369 6
/ 209 2 0 1204 8
/ 260 2 0 1354 4
/ 256 2 1 944 3
/ 247 2 1 810 1
/ 256 2 0 1206 6
/ 229 2 0 1202 4
/ 403 2 1 1085 9
/ 306 2 1 1078 1
/ 271 2 1 942 9
/ 227 2 1 893 3
/ 267 2 0 809 4
/ 246 2 0 901 6
/ 260 2 0 817 6
/ 261 2 1 1049 3
/ 425 2 1 1174 9
/ 18 2 0 1304 6
/ 334 2 0 1157 8
/ 77 2 0 827 6
/ 289 2 1 1226 7
/ 281 2 0 1140 4
/ 489 2 1 1361 9
/ 344 2 1 1375 1
/ 371 2 0 1195 8
/ 321 2 1 938 9
/ 387 2 0 909 2
/ 313 2 1 1140 3
/ 291 2 0 903 4
/ 329 2 0 1201 4
/ 348 2 1 1173 3
/ 344 2 1 985 7
/ 249 2 0 1369 4
/ 271 2 1 915 3
/ 402 2 1 903 3
/ 309 2 1 1203 7
/ 261 2 0 1195 8
/ 79 2 1 1182 7
/ 185 2 0 1401 6
/ 313 2 1 1177 3
/ 287 2 1 836 3
/ 272 2 1 1334 9
/ 193 2 0 981 6
/ 294 2 1 984 1
/ 291 2 0 1285 6
/ 424 2 0 1120 2
/ 406 2 1 1300 1
/ 301 2 1 1036 3
/ 512 2 1 857 1
/ 375 2 0 1247 6
/ 478 2 0 913 8
/ 310 2 0 907 2
/ 607 2 1 1205 7
/ 196 2 0 923 4
/ 393 2 0 1185 2
/ 236 2 0 953 8
/ 249 2 1 1015 7
/ 417 2 0 880 8
/ 448 2 0 1135 4
/ 20 2 0 814 6
/ 775 2 1 942 3
/ 301 2 0 1323 2
/ 283 2 0 1331 8
/ 198 2 0 1375 6
/ 247 2 1 1110 1
/ 205 2 1 1338 9
/ 253 2 1 1185 3
/ 443 2 0 1351 8
/ 462 2 0 1137 4
/ 287 2 1 970 7
/ 255 2 0 967 2
/ 306 2 1 1037 3
/ 295 2 0 1129 8
/ 354 2 0 966 8
/ 276 2 1 1026 7
/ 259 2 1 1295 7
/ 271 2 0 1370 2
/ 306 2 0 1261 4
/ 515 2 1 1159 7
/ 251 2 0 1089 4
/ 290 2 0 985 8
/ 280 2 1 1276 7
/ 281 2 0 822 2
/ 444 2 0 1289 6
/ 266 2 1 1088 3
/ 293 2 0 1205 2
/ 301 2 1 1213 9
/ 250 2 1 1304 7
/ 285 2 0 899 6
/ 303 2 0 1165 4
/ 255 2 1 1121 1
/ 268 2 1 975 1
/ 320 2 0 810 4
/ 285 2 0 814 2
/ 284 2 0 1382 6
/ 268 2 0 803 6
/ 315 2 1 811 9
/ 264 2 0 1315 6
/ 306 2 1 831 3
/ 256 2 1 1026 9
/ 261 2 1 1159 7
/ 273 2 0 882 6
/ 236 2 1 1123 7
/ 289 2 1 929 1
/ 253 2 1 1054 3
/ 170 2 1 1183 9
/ 249 2 1 987 9
/ 277 2 1 837 1
/ 269 2 0 1354 4
/ 175 2 1 1180 3
/ 273 2 1 1312 9
/ 256 2 0 916 2
/ 672 2 1 1240 3
/ 368 2 0 1313 2
/ 484 2 1 916 3
/ 253 2 1 1027 3
/ 226 2 0 897 6
/ 293 2 0 1388 2
/ 274 2 0 1341 8
/ 320 2 0 1054 2
/ 284 2 1 1211 1
/ 257 2 1 1391 3
/ 250 2 1 1167 7
/ 309 2 1 1150 9
/ 23 2 1 1058 1
/ 21 2 0 1009 8
/ 231 2 0 1346 4
/ 285 2 1 1205 9
/ 280 2 1 1105 7
/ 274 2 0 881 6
/ 288 2 0 1359 6
/ 318 2 1 973 9
/ 259 2 0 1091 2
/ 537 2 1 1014 9
/ 662 2 0 1161 6
/ 517 2 0 1256 4
/ 311 2 0 912 8
/ 802 2 1 1361 9
/ 246 2 0 882 6
/ 339 2 1 831 1
/ 296 2 0 1002 8
/ 461 2 1 830 3
/ 320 2 1 1160 9
/ 231 2 0 1138 4
/ 253 2 1 1115 1
/ 266 2 0 888 6
/ 272 2 1 894 3
/ 256 2 1 1020 7
/ 254 2 1 810 7
/ 275 2 0 1319 2
/ 300 2 1 1081 7
/ 246 2 1 1263 9
/ 201 2 0 1068 4
/ 552 2 0 1091 4
/ 286 2 1 1197 9
/ 255 2 1 1278 1
/ 228 2 1 839 9
/ 299 2 1 915 1
/ 245 2 0 801 8
/ 296 2 0 954 2
/ 299 2 0 1293 8
/ 138 2 0 1376 6
/ 231 2 0 974 6
/ 268 2 1 1029 1
/ 25 2 1 1312 9
/ 329 2 1 1113 9
/ 267 2 0 946 2
/ 309 2 0 1142 2
/ 144 2 0 951 2
/ 260 2 0 1347 4
/ 253 2 0 894 6
/ 255 2 0 1361 2
/ 333 2 1 1023 1
/ 304 2 0 850 2
/ 341 2 1 1022 3
/ 293 2 0 1029 2
/ 324 2 0 864 4
/ 524 2 0 962 6
/ 1671 2 1 960 3
/ 326 2 1 1067 9
/ 291 2 0 857 8
/ 270 2 1 1199 7
/ 234 2 0 859 6
/ 279 2 1 1401 9
/ 249 2 0 1263 4
/ 251 2 0 1084 4
/ 473 2 0 1243 4
/ 144 2 0 989 6
/ 328 2 0 802 2
/ 254 2 1 1357 9
/ 284 2 0 1374 8
/ 298 2 1 808 1
/ 363 2 1 1217 3
/ 259 2 1 954 3
/ 260 2 1 827 1
/ 229 2 1 1076 9
/ 242 2 1 850 9
/ 227 2 0 871 2
/ 302 2 1 905 3
/ 359 2 0 928 6
/ 45 2 1 958 7
/ 231 2 1 1223 9
/ 10 2 1 843 9
/ 494 2 0 968 4
/ 288 2 1 830 9
/ 477 2 1 1103 1
/ 216 2 0 1382 2
/ 269 2 0 1178 4
/ 347 2 0 1179 8
/ 483 2 1 1234 7
/ 280 2 0 1094 2
/ 400 2 1 1232 3
/ 262 2 0 1114 2
/ 266 2 1 1326 1
/ 263 2 0 1200 2
/ 566 2 1 1163 1
/ 291 2 0 1264 2
/ 157 2 0 972 2
/ 324 2 0 1046 2
/ 344 2 1 1251 7
/ 253 2 0 811 4
/ 423 2 0 895 2
/ 402 2 1 1360 3
/ 305 2 0 1314 8
/ 275 2 0 998 8
/ 298 2 1 952 9
/ 292 2 1 1335 3
/ 264 2 0 1175 6
/ 454 2 1 1050 1
/ 280 2 1 1200 3
/ 263 2 0 869 2
/ 354 2 1 913 3
/ 268 2 0 1301 2
/ 266 2 1 851 7
/ 277 2 0 992 4
/ 336 2 1 1254 7
/ 187 2 0 842 6
/ 507 2 1 869 7
/ 408 2 0 1048 4
/ 281 2 0 1139 4
/ 273 2 1 1361 1
/ 343 2 0 837 8
/ 381 2 0 1184 6
/ 288 2 1 1079 7
/ 392 2 1 1006 7
/ 271 2 1 1210 1
/ 286 2 0 1294 4
/ 293 2 0 1383 8
/ 279 2 0 1146 6
/ 330 2 0 939 2
/ 462 2 1 1103 7
/ 228 2 1 1187 1
/ 247 2 0 1222 6
/ 273 2 1 1381 3
/ 248 2 1 1237 1
/ 214 2 1 883 3
/ 362 2 0 1191 8
/ 212 2 1 1077 3
/ 544 2 1 1378 7
/ 381 2 1 870 7
/ 373 2 0 1326 4
/ 301 2 0 1074 8
/ 221 2 0 1109 2
/ 251 2 0 917 4
/ 225 2 1 804 3
/ 252 2 1 1395 1
/ 16 2 1 1178 1
/ 292 2 1 986 7
/ 362 2 1 846 9
/ 566 2 1 1138 9
/ 220 2 0 1355 6
/ 372 2 1 990 3
/ 481 2 0 1368 6
/ 86 2 1 1213 3
/ 292 2 0 1036 6
/ 301 2 0 899 6
/ 416 2 1 1243 1
/ 273 2 0 1217 6
/ 267 2 1 1076 3
/ 282 2 0 954 4
/ 311 2 1 1162 9
/ 268 2 1 1158 7
/ 263 2 1 1241 7
/ 244 2 0 895 8
/ 349 2 0 1075 8
/ 265 2 1 1353 3
/ 236 2 0 1167 6
/ 365 2 1 1009 3
/ 390 2 0 1107 4
/ 223 2 0 1237 8
/ 322 2 0 1191 8
/ 295 2 0 1234 6
/ 282 2 1 1290 7
/ 268 2 0 1329 4
/ 250 2 1 885 7
/ 297 2 0 1072 8
/ 183 2 0 1051 8
/ 262 2 0 1333 8
/ 69 2 0 996 8
/ 363 2 0 1282 8
/ 369 2 0 897 2
/ 302 2 1 1283 7
/ 277 2 0 802 4
/ 632 2 0 988 6
/ 497 2 1 880 9
/ 325 2 0 974 8
/ 252 2 0 952 8
/ 295 2 0 1364 4
/ 309 2 1 1221 3
/ 296 2 0 1192 2
/ 313 2 0 895 2
/ 663 2 1 1047 7
/ 373 2 0 1303 4
/ 523 2 1 1151 1
/ 334 2 1 1371 9
/ 362 2 0 1323 8
/ 142 2 1 965 3
/ 336 2 1 1274 1
/ 787 2 1 1060 7
/ 436 2 0 1150 6
/ 346 2 0 868 2
/ 597 2 0 1078 4
/ 386 2 0 1193 4
/ 303 2 0 883 6
/ 632 2 0 962 6
/ 588 2 1 976 7
/ 664 2 1 1378 7
/ 3 2 0 809 4
/ 313 2 1 1126 1
/ 308 2 0 1318 2
/ 374 2 0 1230 8
/ 297 2 0 809 2
/ 321 2 1 980 1
/ 255 2 0 874 2
/ 267 2 1 1100 1
/ 404 2 0 1379 8
/ 261 2 1 811 3
/ 305 2 0 1093 8
/ 278 2 0 987 6
/ 249 2 0 1341 6
/ 300 2 0 1357 6
/ 314 2 1 1194 3
/ 277 2 1 1005 3
/ 531 2 1 1253 9
/ 244 2 1 1340 7
/ 250 2 1 1346 7
/ 380 2 0 824 8
/ 526 2 0 934 8
/ 356 2 0 1328 6
/ 159 2 0 1236 2
/ 318 2 0 1084 8
/ 287 2 1 1257 9
/ 248 2 1 1294 1
/ 348 2 1 1288 7
/ 562 2 0 1275 2
/ 530 2 0 1390 6
/ 233 2 1 923 1
/ 343 2 1 1375 7
/ 338 2 1 846 9
/ 274 2 0 1022 2
/ 254 2 0 1154 4
/ 268 2 0 898 8
/ 325 2 1 1231 3
/ 238 2 1 1343 9
/ 267 2 0 932 4
/ 280 2 1 1046 7
/ 407 2 0 1197 2
/ 444 2 1 1310 9
/ 290 2 1 873 3
/ 328 2 0 851 4
/ 277 2 0 1367 4
/ 202 2 0 1143 2
/ 258 2 1 1055 1
/ 242 2 1 903 9
/ 259 2 0 1364 8
/ 236 2 0 836 8
/ 282 2 0 902 2
/ 259 2 0 1365 8
/ 247 2 1 1024 3
/ 273 2 0 1046 2
/ 240 2 1 1220 3
/ 244 2 1 1197 1
/ 246 2 0 933 6
/ 280 2 0 1158 2
/ 254 2 0 1117 4
/ 252 2 1 1100 7
/ 248 2 0 1336 4
/ 76 2 1 929 1
/ 125 2 1 1304 1
/ 323 2 0 930 6
/ 379 2 0 991 8
/ 211 2 0 1274 6
/ 514 2 1 1316 7
/ 285 2 1 914 7
/ 477 2 1 898 7
/ 273 2 0 840 8
/ 351 2 0 1273 4
/ 106 2 1 1099 1
/ 279 2 1 974 9
/ 145 2 0 819 6
/ 175 2 1 818 7
/ 334 2 0 918 8
/ 297 2 0 865 4
/ 170 2 0 970 4
/ 139 2 0 1198 8
/ 364 2 0 1265 4
/ 271 2 1 998 7
/ 245 2 0 1322 8
/ 261 2 0 1209 6
/ 129 2 1 917 1
/ 245 2 0 1006 8
/ 293 2 1 1285 7
/ 42 2 0 1171 4
/ 294 2 1 1327 9
/ 237 2 0 1246 8
/ 311 2 0 1344 4
/ 437 2 1 1013 3
/ 243 2 0 1236 6
/ 271 2 1 1222 7
/ 272 2 1 940 3
/ 533 2 1 1301 7
/ 246 2 0 1184 8
/ 330 2 1 1304 1
/ 264 2 1 1198 1
/ 254 2 1 1071 9
/ 256 2 0 1283 4
/ 285 2 0 913 6
/ 278 2 0 1110 8
/ 9 2 1 1292 3
/ 464 2 1 1262 1
/ 271 2 1 1325 7
/ 266 2 0 880 6
/ 324 2 1 905 1
/ 303 2 0 1016 2
/ 249 2 1 1393 9
/ 70 2 0 1310 8
/ 329 2 1 1062 7
/ 317 2 0 1037 6
/ 395 2 0 910 6
/ 543 2 0 902 4
/ 352 2 0 886 4
/ 358 2 0 941 8
/ 303 2 0 1281 8
/ 257 2 1 1130 3
/ 366 2 0 1053 2
/ 316 2 1 952 1
/ 397 2 0 820 6
/ 319 2 1 1307 3
/ 438 2 0 967 2
/ 307 2 1 1241 3
/ 223 2 1 1146 1
/ 277 2 1 1020 3
/ 759 2 1 858 9
/ 627 2 0 809 4
/ 312 2 0 882 2
/ 268 2 0 904 4
/ 460 2 1 1242 3
/ 221 2 1 1401 7
/ 293 2 0 1233 6
/ 340 2 0 1322 2
/ 642 2 1 1077 9
/ 314 2 0 842 8
/ 287 2 1 1137 9
/ 556 2 1 1092 7
/ 383 2 0 1183 8
/ 74 2 0 1238 8
/ 784 2 0 1195 2
/ 236 2 0 1397 2
/ 685 2 0 918 4
/ 947 2 1 911 9
/ 272 2 1 1197 9
/ 255 2 0 1331 2
/ 216 2 1 1207 9
/ 237 2 1 1143 9
/ 38 2 0 834 6
/ 264 2 0 929 2
/ 293 2 0 876 6
/ 221 2 0 929 2
/ 303 2 0 1228 6
/ 268 2 1 1231 3
/ 282 2 1 1149 1
/ 596 2 0 1016 8
/ 375 2 1 973 7
/ 671 2 1 822 3
/ 391 2 0 1171 4
/ 271 2 0 916 2
/ 298 2 0 1352 2
/ 693 2 0 883 2
/ 686 2 0 1346 2
/ 964 2 0 1061 8
/ 623 2 1 983 9
/ 785 2 1 837 7
/ 470 2 0 1166 2
/ 342 2 1 974 9
/ 322 2 0 1349 2
/ 325 2 0 1321 2
/ 323 2 0 938 2
/ 265 2 0 852 8
/ 506 2 0 899 8
/ 250 2 0 1396 6
/ 257 2 0 1126 4
/ 733 2 0 1083 8
/ 505 2 1 1166 7
/ 268 2 1 1254 9
/ 272 2 1 1041 3
/ 252 2 0 893 2
/ 340 2 0 1358 6
/ 222 2 1 1368 7
/ 254 2 0 1383 8
/ 323 2 0 1329 6
/ 284 2 1 937 9
/ 434 2 0 1000 2
/ 276 2 0 980 4
/ 285 2 0 875 8
/ 1423 2 1 1168 7
/ 333 2 1 1114 9
/ 264 2 0 1063 2
/ 265 2 0 856 8
/ 241 2 0 1192 4
/ 263 2 1 928 9
/ 304 2 1 985 9
/ 217 2 0 805 6
/ 221 2 1 1249 1
/ 248 2 1 1158 3
/ 24 2 0 1120 2
/ 261 2 1 920 3
/ 207 2 1 874 9
/ 246 2 0 1110 4
/ 229 2 1 1384 1
/ 287 2 0 1383 8
/ 269 2 0 1291 6
/ 235 2 1 949 7
/ 245 2 1 1223 7
/ 240 2 1 1037 7
/ 300 2 1 1125 9
/ 257 2 0 1262 8
/ 366 2 1 840 1
/ 298 2 0 1000 4
/ 204 2 1 1119 1
/ 261 2 1 810 9
/ 267 2 0 1123 2
/ 319 2 0 1277 4
/ 133 2 0 1075 4
/ 272 2 0 917 4
/ 366 2 1 1129 1
/ 355 2 0 812 6
/ 443 2 1 917 3
/ 244 2 1 962 1
/ 305 2 0 1324 6
/ 284 2 1 1222 9
/ 283 2 1 990 7
/ 306 2 1 1365 9
/ 276 2 0 1396 4
/ 276 2 1 929 9
/ 430 2 0 1375 2
/ 269 2 1 906 7
/ 524 2 1 1284 9
/ 295 2 1 1048 3
/ 570 2 1 1227 1
/ 310 2 0 1154 4
/ 287 2 1 1320 3
/ 436 2 1 1346 3
/ 360 2 1 813 1
/ 539 2 1 1308 3
/ 292 2 1 1156 3
/ 289 2 1 1056 7
/ 502 2 0 1158 6
/ 242 2 0 1184 2
/ 278 2 0 857 8
/ 302 2 1 1153 3
/ 507 2 1 810 3
/ 317 2 0 989 2
/ 245 2 0 1092 4
/ 248 2 0 891 2
/ 281 2 1 1253 3
/ 284 2 0 1029 6
/ 247 2 0 1040 2
/ 257 2 1 856 7
/ 294 2 1 934 9
/ 258 2 0 1345 4
/ 284 2 1 1223 9
/ 313 2 0 1007 4
/ 310 2 1 916 3
/ 263 2 1 1200 7
/ 266 2 1 1066 3
/ 345 2 0 1001 4
/ 349 2 0 940 4
/ 452 2 0 931 6
/ 639 2 1 1179 1
/ 524 2 1 945 3
/ 517 2 1 844 7
/ 379 2 0 898 6
/ 394 2 0 920 6
/ 315 2 0 1273 8
/ 150 2 0 1205 8
/ 346 2 1 1048 7
/ 143 2 0 1220 4
/ 494 2 1 1351 7
/ 322 2 0 879 4
/ 389 2 0 1229 6
/ 455 2 0 1039 6
/ 466 2 0 805 4
/ 283 2 0 939 6
/ 358 2 1 940 3
/ 647 2 1 1268 9
/ 268 2 0 833 2
/ 265 2 0 1291 8
/ 254 2 0 1196 2
/ 226 2 1 824 3
/ 274 2 0 1091 8
/ 260 2 0 944 8
/ 250 2 1 1208 9
/ 234 2 0 1025 8
/ 262 2 0 1013 6
/ 231 2 1 1029 1
/ 230 2 0 1169 6
/ 242 2 1 1217 3
/ 235 2 0 1039 6
/ 256 2 1 904 9
/ 267 2 1 1323 3
/ 233 2 1 807 3
/ 434 2 1 1391 7
/ 252 2 1 1165 1
/ 286 2 1 1329 1
/ 217 2 0 1025 2
/ 500 2 1 1291 9
/ 214 2 1 1075 3
/ 283 2 1 1309 1
/ 292 2 1 883 1
/ 264 2 1 1133 3
/ 237 2 1 1361 9
